100 85 149 89
143 29 150 181
72 24 80 25
119 46 121 48
123 46 161 66
28 3 44 6
11 73 39 85
166 54 168 67
135 69 139 76
116 47 119 181
65 149 75 157
95 113 98 124
100 42 113 45
123 108 124 117
191 137 197 165
54 66 55 77
147 107 149 112
38 32 197 36
61 111 65 176
146 126 147 127
81 28 143 40
18 72 69 76
120 63 135 104
72 36 73 41
99 113 107 118
32 182 184 191
62 96 69 101
0 84 69 103
7 177 43 191
41 1 71 32
47 171 62 182
65 113 72 132
132 130 136 132
161 38 166 114
28 54 43 194
2 115 45 150
191 134 192 149
42 12 54 101
77 159 99 181
99 120 102 124
23 154 46 155
107 73 152 85
184 2 191 172
84 111 92 193
110 117 116 132
69 66 98 106
75 135 114 155
100 86 116 112
184 11 185 26
92 152 141 159
21 25 81 29
4 87 171 90
114 150 115 152
3 145 197 148
87 2 130 12
156 102 168 175
191 3 200 35
140 158 156 162
45 161 196 179
75 11 77 14
35 47 39 64
7 23 18 69
190 188 193 199
3 112 13 190
71 4 160 12
198 51 199 180
80 191 81 195
177 158 180 196
191 62 198 67
92 25 109 28
60 36 64 56
136 100 138 142
0 122 2 150
74 63 100 112
25 71 27 80
50 163 110 165
32 13 114 24
180 5 182 78
25 101 94 106
96 132 126 145
21 65 74 67
188 172 191 191
4 4 105 23
55 47 57 67
131 136 170 165
64 36 66 90
6 100 171 104
102 118 107 124
106 107 136 114
114 141 132 150
163 23 166 38
59 42 61 194
63 64 64 65
62 173 101 177
168 56 170 74
138 107 147 126
75 156 76 157
144 12 148 136
172 49 173 123
168 192 173 195
25 11 29 115
113 40 175 46
75 43 79 63
7 67 168 120
139 183 181 191
56 97 116 113
167 99 169 100
191 131 197 137
137 12 139 136
54 91 171 100
114 63 116 67
17 104 25 115
155 104 180 157
55 90 111 96
19 181 150 183
110 162 156 165
6 104 17 112
7 112 13 115
94 113 95 128
55 111 60 121
39 14 40 101
25 81 145 84
115 84 116 85
5 31 60 47
51 131 66 132
170 49 172 91
99 107 105 116
111 159 177 192
34 51 35 57
15 0 46 6
108 40 114 85
129 191 138 193
6 148 60 154
77 111 78 128
81 158 84 182
152 11 163 83
29 185 32 188
107 112 155 130
114 37 146 40
174 78 196 128
3 150 4 184
197 115 198 167
167 68 170 78
166 53 170 54
68 165 197 178
135 76 142 85
78 54 113 77
18 7 188 11
29 64 36 96
29 77 32 115
43 177 45 181
100 77 107 85
80 23 170 53
191 53 193 78
142 78 170 81
121 12 126 15
81 51 85 54
7 35 18 68
154 179 168 198
13 41 109 181
146 21 157 64
78 71 89 135
18 23 39 31
71 24 72 31
36 106 55 129
40 197 65 198
118 117 131 172
27 75 35 155
67 118 95 132
75 155 76 156
134 142 171 151
51 133 96 145
88 22 92 111
66 31 72 67
131 132 180 158
92 106 94 134
29 20 32 21
44 101 89 111
173 2 184 128
51 132 96 149
166 2 178 47
54 67 69 75
180 54 187 199
139 130 141 132
94 165 142 176
73 28 144 43
142 70 143 78
18 47 35 54
131 24 132 135
166 47 173 49
58 121 59 131
115 114 117 193
6 47 24 51
149 85 158 119
141 81 171 159
68 191 75 195
191 106 198 131
45 124 65 128
28 71 194 72
65 177 72 181
196 104 197 106
54 76 69 81
98 25 99 132
76 48 88 163
56 123 66 130
111 92 150 95
72 111 77 122
72 29 73 32
51 121 58 131
62 79 64 81
35 11 41 29
126 56 150 69
170 157 175 158
160 151 185 154
47 154 52 155
131 139 144 157
50 169 94 173
144 123 158 182
87 53 146 56
68 16 162 22
126 158 188 188
171 82 173 110
127 149 140 182
116 15 152 73
74 122 76 130
13 112 17 115
50 157 113 161
110 179 111 181
4 155 50 177
18 154 23 155
18 38 29 50
80 135 84 158
46 154 47 155
94 89 158 107
50 161 70 163
109 43 110 181
40 25 51 135
45 135 56 149
11 69 13 73
95 128 109 132
9 5 11 155
158 80 167 102
45 179 77 181
102 12 111 53
150 114 173 121
28 149 58 151
35 95 39 115
67 170 81 179
160 4 166 7
66 124 107 128
114 56 116 63
54 42 56 66
1 101 25 103
2 92 6 161
119 63 120 85
