127 0 128 1
77 0 79 1
6 0 8 1
54 0 57 1
2 0 3 1
98 0 99 1
181 0 183 1
45 0 46 1
136 0 137 1
106 0 107 1
120 0 122 1
42 0 43 1
39 0 41 1
157 0 158 1
102 0 106 1
184 0 192 1
68 0 70 1
117 0 118 1
61 0 65 1
153 0 154 1
35 0 36 1
51 0 54 1
171 0 173 1
168 0 170 1
134 0 135 1
119 0 120 1
144 0 152 1
70 0 73 1
93 0 95 1
20 0 21 1
36 0 38 1
175 0 181 1
57 0 58 1
135 0 139 1
129 0 134 1
48 0 49 1
190 0 191 1
161 0 165 1
90 0 91 1
118 0 119 1
66 0 67 1
195 0 196 1
176 0 179 1
49 0 51 1
91 0 92 1
73 0 74 1
101 0 102 1
0 0 2 1
147 0 150 1
107 0 109 1
154 0 157 1
44 0 48 1
31 0 34 1
122 0 123 1
196 0 199 1
85 0 87 1
158 0 159 1
3 0 5 1
174 0 175 1
128 0 129 1
67 0 68 1
183 0 184 1
152 0 153 1
22 0 31 1
9 0 10 1
41 0 44 1
21 0 22 1
75 0 80 1
115 0 117 1
139 0 144 1
13 0 15 1
26 0 29 1
125 0 127 1
34 0 35 1
170 0 171 1
124 0 125 1
192 0 193 1
193 0 195 1
123 0 124 1
74 0 75 1
173 0 174 1
76 0 77 1
60 0 81 1
159 0 168 1
109 0 115 1
8 0 9 1
38 0 39 1
95 0 98 1
10 0 13 1
92 0 93 1
165 0 167 1
142 0 143 1
58 0 60 1
15 0 20 1
65 0 66 1
99 0 200 1
83 0 84 1
141 0 142 1
81 0 90 1
16 0 19 1
