41 48 42 58
66 48 72 55
4 54 65 56
44 21 45 22
82 20 83 55
71 30 74 31
60 95 71 97
20 66 39 67
17 91 29 98
26 12 31 13
12 19 13 47
31 0 34 13
61 3 72 7
41 78 42 80
17 44 19 53
90 69 97 100
13 85 15 87
6 48 8 50
6 42 42 48
17 63 51 67
68 32 77 39
84 69 90 73
0 67 67 71
74 23 88 33
8 50 13 63
46 32 47 34
20 7 28 63
57 48 62 51
13 73 17 76
15 19 17 59
84 47 85 49
71 15 75 16
91 60 93 69
10 63 11 65
41 23 42 25
85 47 86 49
10 29 11 31
24 7 37 8
29 30 34 32
25 51 34 68
23 30 28 41
45 0 62 25
8 48 10 50
80 74 91 81
71 90 86 99
92 38 100 48
77 75 80 76
78 59 91 80
14 58 20 63
28 30 29 32
65 79 67 80
54 15 80 27
96 18 97 20
26 21 38 26
34 78 36 80
89 82 99 92
32 76 33 92
10 31 23 42
47 85 49 91
20 68 78 74
35 30 39 40
92 29 93 38
27 74 36 77
18 81 39 86
60 30 71 39
69 11 75 12
77 38 84 39
22 74 51 76
32 19 34 20
2 72 12 89
51 66 76 79
81 38 82 39
84 30 92 47
68 90 71 91
49 80 81 90
70 47 77 50
77 23 86 25
34 3 36 4
60 90 65 92
84 8 99 60
5 4 10 31
65 90 66 91
13 8 17 14
38 48 40 51
67 63 72 82
33 86 60 99
40 51 67 57
60 97 71 99
13 72 16 73
40 20 41 86
48 8 92 10
98 3 99 31
39 21 40 40
4 27 32 28
67 82 68 86
56 58 64 66
34 51 40 57
37 18 38 81
1 27 58 29
72 79 74 80
18 7 19 13
43 85 45 95
42 20 47 31
22 60 34 87
36 78 37 79
49 14 63 22
2 12 13 13
2 50 8 72
81 67 84 88
89 60 91 61
34 30 37 36
84 81 90 88
87 49 94 54
61 79 65 91
53 79 56 80
75 10 88 17
57 79 61 80
42 56 49 67
60 93 71 95
1 91 4 96
3 20 40 27
51 31 52 52
41 80 42 86
52 42 55 54
61 20 73 24
23 75 31 96
38 4 60 8
75 53 78 55
40 17 96 20
2 99 5 100
21 19 23 44
38 62 42 63
61 41 78 47
51 79 52 80
35 14 36 15
8 59 17 65
37 0 61 17
36 2 37 43
33 48 35 49
34 78 40 86
18 74 23 91
8 32 44 37
35 25 53 58
59 39 84 78
41 26 98 30
74 79 77 80
2 96 38 99
30 2 31 5
34 49 35 51
13 53 14 59
48 65 51 90
18 26 26 40
6 31 10 40
95 42 96 48
33 38 35 40
62 48 66 51
80 64 83 73
26 29 67 30
77 78 78 80
57 33 93 37
25 44 32 45
77 6 81 7
27 6 42 23
75 40 82 49
93 29 96 55
26 37 38 38
59 30 67 33
62 55 97 59
77 65 78 67
39 31 93 32
91 24 92 30
56 25 57 58
36 58 40 60
59 38 60 39
34 59 38 65
7 75 15 85
89 36 92 59
27 89 29 99
0 62 2 67
94 9 95 77
23 5 100 6
83 3 91 6
52 79 57 80
84 84 87 88
57 57 62 58
31 87 32 92
51 25 54 39
93 31 100 42
5 74 11 92
12 55 13 86
93 55 98 73
26 19 30 20
77 7 81 8
17 19 26 31
17 72 20 91
73 16 94 23
60 40 75 41
43 81 62 85
41 76 42 78
19 6 22 19
60 91 71 93
66 4 77 15
61 27 62 29
11 29 15 31
62 2 66 41
67 47 68 63
3 65 20 72
75 7 76 8
28 38 33 40
12 51 17 53
4 72 6 83
51 57 56 66
34 52 39 54
0 13 15 24
11 81 21 82
42 34 51 99
45 32 84 38
15 77 23 85
34 11 69 14
87 84 88 85
38 60 89 65
10 41 61 44
25 40 70 48
72 54 73 55
84 52 88 55
55 49 75 55
55 50 59 51
24 56 36 78
44 32 45 34
5 99 60 100
12 2 20 4
14 45 33 58
38 73 99 75
19 50 33 54
31 92 41 99
4 85 17 96
5 90 17 96
54 58 88 64
77 67 80 71
84 32 88 39
6 13 35 19
64 61 77 79
39 84 42 85
10 47 20 51
0 16 86 18
10 4 96 6
76 88 94 98
7 95 17 96
43 28 54 31
47 25 51 63
5 31 6 51
53 27 59 49
16 72 17 73
41 58 42 60
0 87 2 88
