38 23 69 55
38 24 52 31
1 45 21 93
24 1 100 23
73 44 75 47
0 25 2 47
63 18 64 42
88 32 96 88
6 63 8 78
70 0 87 29
73 34 97 37
52 53 63 61
50 25 73 88
21 74 41 90
10 45 64 51
76 78 79 87
39 21 43 56
52 26 53 41
88 23 99 33
38 39 45 44
73 43 79 47
47 87 49 98
29 55 35 56
89 53 93 55
69 8 91 26
35 55 88 78
42 6 88 18
0 56 49 63
26 55 27 56
71 63 76 67
17 11 20 12
73 47 89 56
38 38 61 45
8 45 12 56
51 39 57 93
35 31 73 38
21 55 26 68
41 87 45 88
3 45 8 56
22 70 33 71
3 27 28 45
23 2 24 6
73 29 74 34
0 63 1 93
68 77 76 93
15 38 38 54
82 37 88 47
64 18 68 96
2 12 38 55
29 82 64 83
1 11 13 13
33 59 54 85
51 88 73 96
46 54 50 55
46 41 73 54
44 18 56 26
23 61 71 87
20 7 21 12
1 68 64 74
