0 34 1 36
0 88 2 89
1 128 2 130
0 79 2 86
0 159 1 160
1 18 2 22
0 19 1 28
0 6 2 9
1 192 2 193
1 106 2 108
0 145 1 146
1 143 2 147
1 193 2 198
0 77 2 79
1 78 2 79
1 36 2 43
1 2 2 5
1 108 2 111
0 139 1 141
1 105 2 106
1 139 2 143
1 111 2 114
0 154 2 155
1 120 2 123
0 169 1 179
1 93 2 95
1 186 2 188
1 47 2 49
1 171 2 179
1 5 2 6
1 89 2 93
0 75 1 77
0 74 1 75
1 15 2 16
1 71 2 72
0 146 1 148
1 75 2 77
1 169 2 192
0 72 2 74
0 179 2 182
0 160 1 185
1 130 2 135
0 133 1 134
1 67 2 71
0 95 2 106
1 22 2 28
1 52 2 65
1 127 2 128
0 148 1 157
1 98 2 103
0 157 1 159
1 151 2 152
0 128 1 129
1 170 2 171
0 28 1 33
1 135 2 139
0 166 1 168
0 120 1 123
0 110 1 117
1 49 2 50
0 9 1 12
1 10 2 36
0 53 1 64
0 2 1 4
0 49 1 53
0 192 1 194
0 197 1 200
1 198 2 200
1 86 2 88
0 168 1 169
0 92 1 95
0 38 1 49
1 65 2 67
0 163 1 166
1 114 2 117
1 11 2 12
0 54 1 55
1 50 2 52
0 85 1 86
1 74 2 75
0 31 1 32
0 65 1 68
0 89 1 92
1 182 2 183
0 57 1 62
0 196 1 197
1 79 2 83
0 106 1 109
1 97 2 98
1 153 2 154
0 134 1 145
0 109 1 110
0 87 1 88
1 155 2 168
1 117 2 127
1 53 2 56
0 129 1 133
0 12 2 19
0 138 1 142
0 96 1 100
0 62 1 63
1 16 2 18
0 86 1 87
1 152 2 153
0 43 2 47
0 189 1 192
1 9 2 10
1 168 2 169
0 185 1 189
0 36 1 38
1 147 2 151
0 33 2 34
0 117 1 128
0 194 2 195
0 64 1 65
1 118 2 120
0 68 1 72
0 123 1 125
