200 2 118
67 68
67 68
67 13
86 13
0 13
114 114
66 13
66 9
106 38
106 38
106 38
109 38
109 27
109 27
109 38
41 38
41 38
41 84
40 40
40 40
40 40
25 29
25 29
25 29
25 29
25 29
25 29
25 29
25 29
25 54
25 38
70 108
57 94
57 94
74 94
74 94
74 94
41 94
41 94
41 94
5 94
51 94
51 94
49 94
49 94
23 23
49 90
49 104
49 52
49 111
49 111
49 111
36 111
36 12
11 12
91 12
91 12
91 21
99 21
19 21
19 21
99 56
91 56
91 56
91 56
91 42
43 42
97 42
97 42
97 42
97 3
53 3
113 48
113 95
113 95
118 95
118 95
58 24
58 24
58 24
113 116
113 116
113 95
59 75
59 75
59 75
59 22
59 22
59 22
59 18
92 18
88 18
88 10
88 10
45 20
45 45
45 45
45 50
45 50
45 50
100 50
100 50
100 89
100 45
45 45
71 26
71 26
71 31
83 31
83 31
83 31
2 2
93 69
103 69
79 4
4 4
4 4
4 87
4 87
4 87
4 87
14 15
14 14
32 37
32 37
33 80
39 39
39 39
117 35
117 44
117 44
117 44
82 44
82 73
82 73
115 47
63 47
101 47
85 47
85 47
85 47
85 47
85 47
63 47
63 96
77 96
63 96
65 47
65 78
65 78
65 60
72 28
72 28
105 105
105 105
105 105
105 105
72 16
72 16
72 16
72 16
72 16
110 16
110 16
1 62
1 62
112 112
55 62
81 62
55 62
55 62
55 62
7 46
7 46
7 46
7 46
7 46
7 46
7 6
7 6
7 6
98 6
98 102
98 102
98 34
98 98
98 98
98 98
61 76
61 62
61 107
8 8
8 8
8 8
0 30
0 17
64 17
64 17
0 0
0 0
