100 100 255
0 0 130 130 130 230 230 230 230 230 230 230 230 230 230 230 230 230 230 230 230 230 230 230 230 230 230 230 230 230 230 230 230 230 230 230 230 230 230 230 230 230 230 230 230 230 230 230 230 230 230 230 230 230 230 230 230 230 230 230 0 0 0 0 0 0 0 0 0 0 0 0 0 0 0 0 0 0 0 0 0 0 0 0 0 0 0 0 0 0 16 16 16 16 16 16 16 0 0 0
0 0 147 147 147 147 147 147 147 147 147 147 147 147 147 147 147 147 147 147 147 147 147 147 147 147 147 178 178 147 147 147 147 147 147 147 147 147 235 235 235 86 216 216 216 216 216 216 216 216 216 86 86 86 86 86 86 86 86 86 88 88 88 88 88 88 88 88 88 88 88 45 45 45 45 45 45 45 45 45 45 45 45 45 45 45 0 0 0 0 16 16 16 16 16 16 16 0 0 0
0 0 147 147 147 147 147 147 147 147 147 147 147 147 147 147 147 9 9 9 9 9 9 9 9 9 9 9 9 147 147 147 147 147 147 147 147 147 235 235 235 86 216 216 216 216 216 216 216 216 216 86 86 86 86 86 86 86 86 86 88 88 88 88 88 88 88 88 88 88 88 45 45 45 45 45 247 247 247 247 247 247 247 247 247 247 247 247 247 247 247 247 247 247 16 16 16 0 0 0
0 0 147 147 147 147 147 147 147 147 147 147 147 147 147 147 147 9 9 9 9 9 9 9 9 9 9 9 9 147 147 147 147 147 147 147 147 147 235 235 235 86 216 216 216 216 216 216 216 216 216 86 86 86 86 86 86 86 86 86 7 7 7 7 7 7 7 7 7 7 7 45 45 45 45 45 247 247 247 247 247 247 247 247 247 247 247 247 247 247 247 247 247 247 16 16 16 0 0 0
0 120 120 120 236 237 237 248 248 248 248 248 248 248 248 248 248 9 9 9 9 9 9 9 9 9 9 9 9 126 126 235 235 235 235 235 235 235 235 235 235 86 216 216 216 216 216 216 216 216 216 86 86 86 86 86 86 86 86 86 7 7 7 7 7 7 7 7 7 7 7 45 45 45 45 45 247 247 247 247 247 247 247 247 247 247 247 247 247 247 247 247 247 247 16 16 16 0 0 0
0 120 120 120 236 237 237 237 237 237 237 237 237 237 237 237 237 9 9 9 9 9 9 9 9 9 9 9 9 126 126 235 235 235 235 235 235 235 235 235 235 86 216 102 102 216 216 216 216 216 216 86 86 86 86 86 86 86 86 86 119 119 119 119 119 119 119 119 119 119 119 45 45 45 45 45 247 247 247 247 247 247 247 247 247 247 247 247 247 247 247 247 247 247 16 16 16 0 0 0
0 120 120 120 236 237 237 237 237 237 237 237 237 237 237 237 237 9 9 9 9 9 9 9 9 9 9 9 9 126 126 235 235 235 235 235 235 235 235 235 235 86 216 102 102 216 216 216 216 216 216 86 86 86 86 86 86 86 86 86 119 119 119 119 119 119 119 119 119 119 119 45 45 45 45 45 247 247 247 247 247 247 247 247 247 247 247 247 247 247 247 247 247 247 16 16 16 0 0 0
0 120 120 120 236 237 237 237 237 237 237 237 237 237 237 237 237 9 9 9 9 9 9 9 9 9 9 9 9 126 126 235 235 235 235 235 235 235 235 235 235 86 216 102 102 216 216 216 216 216 216 86 86 86 86 86 86 86 86 86 201 201 201 201 201 201 201 201 201 201 201 45 45 45 45 45 247 247 247 247 247 247 247 247 247 247 247 247 247 247 247 247 247 247 16 16 16 0 0 0
0 120 120 120 236 189 189 189 189 189 189 237 237 237 237 237 237 9 9 9 9 9 9 9 9 9 9 9 9 126 126 186 57 86 86 86 86 86 86 86 86 86 216 102 102 216 216 216 216 216 216 86 86 86 86 86 86 86 86 86 79 79 79 79 79 201 201 201 201 201 201 45 45 45 45 45 247 247 247 247 247 247 247 247 247 247 247 247 247 247 247 247 247 247 16 16 16 56 56 0
0 0 0 0 236 189 189 189 189 189 189 237 237 237 237 237 237 195 141 141 141 141 141 126 126 126 126 178 178 126 126 186 57 86 86 86 86 86 86 86 86 86 216 102 102 216 216 59 59 216 216 86 86 86 86 86 86 86 86 86 79 114 114 114 114 82 0 0 74 74 74 45 45 45 45 45 247 247 247 247 247 247 247 247 247 247 247 247 247 247 247 247 247 247 16 16 16 56 56 0
0 0 0 0 236 189 189 189 189 189 189 236 236 236 236 236 236 195 141 141 141 141 141 126 126 126 126 178 178 126 126 186 57 86 86 86 86 86 86 86 86 86 216 102 102 216 216 59 151 75 75 75 75 75 75 75 75 75 75 75 75 75 75 75 75 75 75 75 75 75 75 75 75 75 75 75 247 247 247 247 247 247 247 247 247 247 247 247 247 247 247 247 247 247 16 16 16 56 56 0
0 0 70 70 70 189 189 189 189 189 189 70 236 236 236 236 236 195 141 141 141 141 141 126 126 126 126 126 126 126 126 186 57 86 86 86 86 86 86 86 86 86 216 102 102 216 216 59 151 75 75 75 75 75 75 75 75 75 75 75 75 75 75 75 75 75 75 75 75 75 75 75 75 75 75 75 247 247 247 247 247 247 247 247 247 247 247 247 247 247 247 247 247 247 16 16 16 56 56 0
255 255 70 70 70 189 189 189 189 189 189 70 236 236 236 236 236 195 141 141 141 141 141 126 126 126 126 126 126 126 126 186 57 86 86 86 86 86 86 86 86 86 216 102 102 216 216 59 151 75 75 75 75 75 75 75 75 75 75 75 75 75 75 75 75 75 75 75 75 75 75 75 75 75 75 75 75 75 75 75 75 109 109 109 184 184 184 112 112 56 16 16 16 16 16 16 16 56 56 0
0 0 70 70 70 189 189 189 189 189 189 70 236 17 17 236 236 195 141 141 141 141 141 126 126 126 126 126 126 126 126 104 57 104 86 86 86 86 86 86 86 86 216 102 102 216 216 59 151 75 75 75 75 75 75 75 75 75 75 75 75 75 75 75 75 75 75 75 75 75 75 75 75 75 75 75 75 75 75 75 75 109 109 109 184 184 184 112 112 56 16 16 16 16 16 16 16 56 56 0
0 0 70 70 70 189 189 189 189 189 189 70 190 17 17 236 236 195 64 64 64 64 64 64 64 64 64 64 64 64 64 64 57 64 64 64 64 64 64 140 90 123 216 102 102 216 216 59 151 75 75 75 75 75 75 75 75 75 75 75 75 75 75 75 75 75 75 95 75 75 75 75 75 75 75 75 75 75 75 75 75 109 109 109 184 184 184 112 112 56 16 16 16 16 16 16 16 56 56 0
0 0 70 70 70 189 189 176 176 176 176 176 190 176 176 218 218 218 64 64 64 64 64 64 64 64 64 64 64 64 64 64 57 64 64 64 64 64 64 243 90 243 216 198 198 198 198 198 198 198 198 198 198 198 198 198 198 198 198 198 198 198 75 75 75 75 75 95 75 75 75 75 75 75 75 75 75 75 75 75 75 109 109 109 184 184 184 220 112 56 16 16 16 16 16 16 16 56 56 0
0 0 70 70 70 189 189 176 176 176 176 176 190 176 176 218 218 218 64 64 64 64 64 64 64 64 64 64 64 64 64 64 57 64 64 64 64 64 64 140 90 123 216 198 198 198 198 198 198 198 198 198 198 198 198 198 198 198 198 198 198 198 75 75 75 75 75 95 75 75 75 75 75 75 75 75 75 75 75 75 75 109 109 109 112 112 112 112 112 56 16 16 16 16 16 16 16 56 56 0
0 0 70 70 211 211 189 176 176 176 176 176 190 176 176 218 218 218 64 64 64 64 64 64 64 64 64 64 64 64 64 64 57 64 64 64 64 64 64 140 90 123 216 198 198 198 198 198 198 198 198 198 198 198 198 198 198 198 198 198 198 198 75 75 75 75 75 95 75 75 75 75 75 75 75 75 75 75 75 75 75 109 109 109 112 112 112 112 112 56 16 16 16 16 16 16 16 56 56 0
0 0 70 70 211 211 189 176 176 176 176 215 190 215 215 215 215 215 215 215 215 64 64 64 64 64 64 64 64 64 64 64 57 64 64 64 64 64 64 140 90 123 216 198 198 198 198 198 198 198 198 198 198 198 198 198 198 198 198 198 198 198 75 75 75 75 75 85 85 85 85 85 75 75 75 75 75 75 75 75 75 109 109 109 112 112 112 112 112 112 16 16 16 16 16 16 16 0 0 0
0 0 70 70 211 211 189 176 176 176 176 176 190 176 176 218 218 218 218 218 218 218 218 126 126 126 126 126 126 126 126 104 57 104 140 140 140 98 140 140 90 123 216 216 216 216 216 216 151 75 75 75 75 75 75 75 75 75 75 75 75 75 75 75 75 75 75 85 85 85 85 85 75 75 75 75 75 75 75 75 44 109 109 109 44 44 44 44 44 44 44 16 16 16 16 16 16 0 0 0
0 0 70 70 211 211 189 176 176 176 176 176 190 176 176 218 218 218 218 218 218 218 218 126 126 126 126 126 126 126 126 104 57 104 55 55 140 98 140 140 90 14 216 216 216 216 216 216 151 151 151 134 183 115 115 115 183 117 117 117 117 114 114 114 114 51 51 85 85 85 85 85 100 100 146 146 146 159 48 48 44 109 109 109 44 44 44 44 44 44 44 16 16 16 16 16 16 0 0 0
0 0 70 70 211 211 189 176 176 176 176 176 190 176 176 218 218 218 218 218 218 218 218 126 126 126 126 126 126 126 126 104 57 104 55 55 105 98 140 140 90 14 216 216 216 216 216 216 151 151 151 71 71 71 71 71 71 71 71 71 71 71 71 71 71 71 71 85 85 85 85 85 71 71 71 71 242 159 48 48 44 109 109 109 44 44 44 44 44 44 44 16 16 16 16 16 16 0 0 0
0 0 70 70 211 211 189 176 176 176 176 176 190 176 176 218 218 218 218 218 218 218 218 126 228 228 228 228 228 228 228 228 57 228 228 228 0 98 0 0 90 199 216 216 216 216 216 216 151 151 151 71 71 71 71 71 71 71 71 71 71 71 71 71 71 71 71 85 85 85 85 85 71 71 71 71 242 144 48 48 44 109 109 109 44 44 44 44 44 44 44 16 16 16 16 16 16 0 0 0
0 0 70 70 211 211 189 176 176 176 176 176 190 176 176 0 0 195 141 141 141 141 141 126 228 228 228 63 63 63 63 63 57 63 63 63 0 98 0 0 90 199 216 216 216 216 216 216 151 151 151 71 71 71 71 71 71 71 71 71 71 71 71 71 71 71 71 85 85 85 85 85 71 71 71 71 242 144 48 48 44 109 109 109 44 44 44 44 44 44 44 16 16 16 180 16 16 0 0 0
0 0 70 70 211 211 189 176 176 176 176 176 190 176 176 29 29 195 141 141 141 141 68 126 228 228 228 63 63 63 63 63 63 63 63 63 68 68 68 68 68 68 68 68 68 68 68 68 68 68 68 71 71 71 71 71 71 71 71 71 71 71 71 71 71 71 71 85 85 85 85 85 71 71 71 71 242 47 47 47 44 109 109 109 44 44 44 44 44 44 44 16 16 16 180 16 16 0 0 0
0 0 70 70 211 211 189 189 189 189 189 70 190 29 29 29 29 195 141 141 141 141 68 68 228 228 228 63 63 63 63 63 63 63 63 63 68 68 233 233 233 233 233 233 233 233 233 233 233 233 233 233 233 233 233 233 233 233 233 233 233 233 233 233 233 233 233 85 85 85 85 85 233 233 233 233 233 233 233 233 44 109 109 109 44 44 44 44 44 44 44 233 233 233 180 233 233 233 233 0
0 0 70 70 211 211 70 70 70 70 70 70 190 29 29 29 29 195 195 195 60 60 60 60 60 60 60 60 60 60 60 60 60 60 60 60 60 60 60 60 60 60 60 60 60 60 60 60 60 60 60 60 60 60 60 60 60 60 60 60 60 60 60 60 60 60 60 60 60 60 60 60 60 60 60 60 60 60 233 233 233 109 109 109 233 233 233 233 233 233 233 233 233 233 180 233 233 233 233 0
0 0 70 70 211 211 70 70 70 70 70 70 190 89 89 89 253 195 195 195 60 60 60 60 60 60 60 60 60 60 60 60 60 60 60 60 60 60 60 60 60 60 60 60 60 60 60 60 60 60 60 60 60 60 60 60 60 60 60 60 60 60 60 60 60 60 60 60 60 60 60 60 60 60 60 60 60 60 48 48 157 109 109 109 22 22 22 22 22 22 16 16 16 16 180 16 16 191 0 0
0 0 108 207 207 207 207 207 207 207 207 207 207 207 207 207 207 207 207 207 60 60 60 60 60 60 60 60 60 60 60 60 60 60 60 60 60 60 60 60 60 60 60 60 60 60 60 60 60 60 60 60 60 60 60 60 60 60 60 60 60 60 60 60 60 60 60 60 60 60 60 60 60 60 60 60 60 60 48 48 157 109 109 109 22 22 22 22 22 22 16 16 16 16 180 16 16 191 0 0
23 23 23 207 207 207 207 207 207 207 207 207 207 207 207 207 207 207 207 207 60 60 60 60 60 60 60 60 60 60 60 60 60 60 60 60 60 60 60 60 60 60 60 60 60 60 60 60 60 60 60 60 60 60 60 60 60 60 60 60 60 60 60 60 60 60 60 60 60 60 60 60 60 60 60 60 60 60 239 239 157 109 109 109 22 22 22 22 22 22 16 16 16 16 180 16 16 191 0 0
23 23 23 207 207 207 207 207 207 207 207 207 207 207 207 207 207 207 207 207 60 60 60 60 60 60 60 60 60 60 60 60 60 60 60 60 60 60 60 60 60 60 60 60 60 60 60 60 60 60 60 60 60 60 60 60 60 60 60 60 60 60 60 60 60 60 60 60 60 60 60 60 60 60 60 60 60 60 239 239 157 109 109 109 22 22 22 22 22 22 16 16 16 16 180 16 16 191 0 0
23 23 23 207 207 207 207 207 207 207 207 207 207 207 207 207 207 207 207 207 60 60 60 60 60 60 60 60 60 60 60 60 60 60 60 60 60 60 60 60 60 60 60 60 60 60 60 60 60 60 60 60 60 60 60 60 60 60 60 60 60 60 60 60 60 60 60 60 60 60 60 60 60 60 60 60 60 60 239 239 157 109 109 109 48 48 48 48 48 48 48 33 33 191 180 191 191 191 0 0
23 23 23 207 207 207 207 207 207 207 207 207 207 207 207 207 207 207 207 207 23 23 23 23 23 40 40 40 40 40 40 40 40 40 23 23 23 23 23 23 23 23 23 23 23 23 23 23 23 23 23 23 23 23 23 23 23 23 23 23 23 23 23 23 23 23 23 85 85 85 85 85 71 71 71 71 242 239 239 239 157 109 109 109 48 48 48 48 48 48 48 33 33 191 180 191 191 191 0 0
179 179 108 207 207 207 207 207 207 207 207 207 207 207 207 207 207 207 207 207 8 8 8 8 8 40 40 40 40 40 40 40 40 40 8 8 8 8 8 20 20 20 118 118 118 118 118 118 118 151 151 71 71 71 71 71 71 71 71 71 71 71 71 71 71 71 71 85 85 85 85 85 71 71 71 71 242 169 48 48 157 157 157 48 48 48 48 48 48 48 48 33 33 191 180 191 191 191 0 0
179 179 108 207 207 207 207 207 207 207 207 207 207 207 207 207 207 207 207 207 20 20 20 20 228 40 40 40 40 40 40 40 40 40 228 228 20 20 20 20 20 20 118 118 118 118 118 118 118 151 151 212 212 212 212 212 96 96 96 96 96 96 96 96 242 242 242 85 85 85 85 85 242 242 242 242 242 169 48 48 157 157 157 48 48 48 48 48 48 48 48 33 33 191 180 191 191 191 0 0
179 179 108 108 108 108 108 108 136 136 34 136 190 136 136 136 136 20 20 20 20 20 20 20 228 40 40 40 40 40 40 40 40 40 175 175 175 175 20 20 20 20 118 118 118 118 118 118 118 20 20 212 212 212 212 212 96 96 96 96 96 96 96 96 242 242 242 85 85 85 85 85 242 242 242 242 242 221 221 221 157 157 157 221 221 221 221 221 221 48 48 33 33 191 180 191 191 191 0 0
179 179 108 108 108 108 108 108 136 136 34 136 190 136 136 136 136 20 20 20 20 20 20 20 228 40 40 40 40 40 40 40 40 40 175 175 175 175 20 20 20 20 118 118 118 118 118 118 118 20 20 212 212 212 238 238 96 96 96 96 96 96 96 96 242 242 242 85 85 85 85 85 242 242 242 242 242 238 238 238 238 238 238 238 238 238 238 238 221 48 48 33 33 191 180 191 191 191 0 0
179 179 108 108 108 108 108 108 25 25 25 25 190 136 136 136 136 49 49 49 27 27 104 104 228 40 40 40 40 40 40 40 40 40 175 175 175 175 132 132 132 132 118 118 118 118 118 118 118 250 250 212 212 212 238 238 96 96 96 96 96 96 96 96 242 242 242 206 242 242 242 242 242 242 242 242 242 238 238 238 238 238 238 238 238 238 238 238 221 48 48 33 33 191 180 191 191 191 0 0
0 0 108 108 108 108 108 108 25 25 25 25 190 136 136 136 136 49 49 49 27 27 104 104 228 40 40 40 40 40 40 40 40 40 175 175 175 175 221 221 221 221 118 118 118 118 118 118 118 250 250 212 212 212 238 238 96 96 96 96 96 96 96 96 242 242 242 206 242 242 242 242 242 242 242 242 242 238 238 238 238 238 238 238 238 238 238 238 221 48 48 33 33 191 180 191 191 191 0 0
0 0 108 108 108 108 108 108 25 25 25 25 190 136 136 136 136 49 49 49 27 27 104 104 228 40 40 40 40 40 40 40 40 40 175 175 175 175 221 221 221 221 118 118 118 118 118 118 118 250 250 212 212 212 238 238 96 96 96 96 96 96 96 96 238 238 238 206 238 238 238 238 238 238 238 238 238 238 238 238 238 238 238 238 238 238 238 238 221 110 110 33 33 191 180 191 191 191 0 0
0 0 108 108 108 108 108 108 25 25 25 25 190 136 136 136 136 49 49 49 27 27 27 27 228 40 40 40 40 40 40 40 40 40 175 175 175 175 173 173 90 254 118 118 118 118 118 118 118 250 250 212 212 212 238 238 96 96 96 96 96 96 96 96 238 238 238 206 238 238 238 238 238 238 238 238 238 238 238 238 238 238 238 238 238 238 238 238 48 48 48 80 80 191 180 191 191 191 80 0
0 0 108 108 108 108 108 108 25 25 25 25 190 150 49 30 30 49 49 49 27 27 27 27 228 40 40 40 40 40 40 40 40 40 228 228 173 98 173 173 90 254 118 118 118 118 118 118 118 250 250 212 212 212 238 238 96 96 96 96 96 96 96 96 238 238 238 206 238 238 238 238 238 238 238 238 238 238 238 238 238 238 238 238 238 238 238 238 168 177 177 177 168 168 180 168 168 191 80 0
0 0 108 108 108 108 108 108 25 25 25 25 190 150 232 232 232 232 232 232 232 232 232 232 228 40 40 40 40 40 40 40 40 40 228 228 143 98 143 143 90 1 118 118 118 118 118 118 118 250 250 212 212 212 212 212 172 185 185 185 185 185 168 168 168 168 168 206 168 168 168 168 168 168 168 168 168 168 168 168 168 168 168 168 168 168 168 168 168 177 177 177 168 168 180 168 168 191 80 0
0 0 108 108 108 108 108 108 25 25 25 25 190 150 232 232 232 232 232 232 232 232 232 232 228 40 40 40 40 40 40 40 40 40 228 228 97 97 97 97 87 87 118 118 118 118 118 118 118 250 250 87 87 87 87 87 87 87 87 87 87 87 87 87 87 87 87 206 168 168 168 168 168 168 168 168 168 168 168 168 168 168 168 168 168 168 168 168 168 177 177 177 168 168 180 168 168 191 80 0
0 0 108 108 3 3 3 3 3 3 3 3 190 3 3 3 3 3 3 3 3 3 3 3 3 40 40 40 40 40 40 40 40 40 3 3 3 3 3 3 3 3 3 3 3 3 3 3 3 3 3 3 3 3 3 3 3 3 3 3 3 3 3 3 3 87 87 206 168 168 168 168 168 168 168 168 168 168 168 168 168 168 168 168 168 168 168 168 168 177 177 177 168 168 180 168 168 191 80 0
0 0 108 108 3 3 3 3 3 3 3 3 3 3 3 3 3 3 3 3 3 3 3 3 3 40 40 40 40 40 40 40 40 40 3 3 3 3 3 3 3 3 3 3 3 3 3 3 3 3 3 3 3 3 3 3 3 3 3 3 3 3 3 3 3 87 87 206 2 2 2 2 224 226 226 128 128 128 144 144 144 144 5 144 225 225 225 225 80 177 177 177 80 165 180 165 80 80 80 0
0 0 108 108 108 108 108 108 25 25 25 25 25 150 232 232 232 232 232 234 234 234 234 234 234 40 40 40 40 40 40 40 40 40 213 213 213 213 213 97 87 87 216 216 216 216 216 250 250 250 250 87 124 124 124 87 87 87 87 87 87 87 87 87 87 87 87 206 2 2 2 2 226 226 226 128 128 128 144 144 144 144 5 144 225 225 225 113 113 177 177 177 113 113 180 165 80 80 80 0
0 0 108 108 108 108 108 108 25 25 25 25 210 210 210 210 210 15 15 234 234 234 234 234 234 40 40 40 40 40 40 40 40 40 213 213 213 213 213 97 87 87 216 216 216 216 216 250 250 250 250 87 124 124 124 87 87 87 87 87 87 87 87 87 87 87 87 206 2 2 2 2 226 226 226 144 144 144 144 144 144 144 5 144 225 225 225 113 113 177 177 177 113 113 180 165 80 80 80 0
0 0 108 108 108 108 108 108 25 25 25 25 210 210 210 210 210 15 15 234 234 234 234 234 234 40 40 40 40 40 40 40 40 40 97 97 97 97 97 97 87 87 216 216 216 216 216 250 250 250 250 122 124 124 124 87 87 87 87 87 87 87 87 87 87 87 87 206 2 2 2 2 226 226 226 144 144 144 144 144 144 144 5 144 80 80 80 113 113 177 177 177 113 113 180 165 80 80 80 0
0 0 108 108 108 251 108 108 25 25 244 244 244 244 244 244 244 244 244 244 234 234 234 234 234 234 234 234 234 234 234 234 234 0 149 143 143 98 84 84 90 1 216 216 216 216 216 250 250 250 250 122 124 124 124 227 172 227 227 28 28 28 156 156 156 156 2 206 2 2 2 2 226 226 226 144 144 144 144 144 144 144 5 144 80 80 80 113 113 177 177 177 113 113 180 165 80 80 80 0
0 0 0 0 0 251 18 18 43 43 244 244 244 244 244 244 244 244 244 244 232 232 232 232 232 232 232 232 232 232 232 232 232 0 149 143 143 98 84 84 90 1 216 216 216 216 216 250 250 250 250 122 124 124 124 226 172 28 28 28 28 28 156 156 156 156 2 206 2 2 76 76 76 76 76 76 76 144 144 144 144 144 5 144 80 80 80 113 113 177 177 177 113 113 180 165 80 80 80 0
0 0 0 0 0 251 18 18 43 43 244 244 244 244 244 244 244 244 244 244 232 232 232 232 232 232 232 232 232 232 232 232 232 139 139 143 143 98 84 84 90 1 216 216 216 216 216 250 250 250 250 122 124 124 124 252 252 252 252 28 28 28 156 156 156 156 2 206 2 2 76 76 76 76 76 164 164 164 164 164 164 164 5 144 31 36 80 80 80 177 177 177 80 165 180 165 80 80 80 0
0 0 0 0 0 251 19 19 19 19 244 244 244 244 244 244 244 244 244 244 232 232 232 232 232 232 232 232 232 232 232 232 232 19 19 19 19 19 19 19 19 19 216 216 216 216 216 250 250 250 250 122 124 124 124 252 252 252 252 223 223 223 223 223 223 223 223 206 223 223 76 76 76 76 76 164 164 164 164 164 164 164 5 144 31 36 80 80 80 177 177 177 46 46 180 154 46 46 46 46
0 0 0 0 0 251 19 19 19 19 19 19 11 19 232 232 232 15 15 232 232 232 232 232 232 232 232 232 232 232 232 232 232 19 19 19 19 19 19 19 19 19 216 216 216 216 216 250 250 250 250 122 124 124 124 252 252 252 252 223 223 133 133 133 133 133 133 133 133 133 133 133 133 133 133 133 133 133 164 164 164 164 5 144 73 73 73 73 73 177 177 177 46 46 180 154 46 46 46 46
0 0 0 0 0 251 19 19 19 19 19 19 11 19 232 232 232 15 15 232 232 232 232 232 232 232 232 232 232 232 232 232 232 19 19 19 19 19 19 19 19 19 216 216 216 216 216 250 250 250 250 122 124 124 124 252 252 252 252 223 223 133 133 133 133 133 133 133 133 133 133 133 133 133 133 133 133 133 164 164 164 164 5 144 73 73 73 73 73 177 177 177 46 46 180 154 46 46 46 46
0 0 0 0 0 251 19 19 19 19 19 19 11 19 19 30 30 15 15 19 19 19 19 19 19 161 161 161 161 161 161 161 19 19 19 19 19 19 19 19 19 19 216 216 216 216 216 250 250 250 250 122 124 124 124 252 252 252 252 223 223 133 133 133 133 133 133 133 133 133 133 133 133 133 133 133 133 133 164 164 164 164 5 144 73 73 73 73 73 177 177 177 46 46 180 154 46 46 46 46
0 0 0 0 0 251 19 19 19 19 222 222 11 222 222 30 30 222 222 222 222 131 131 222 222 222 222 222 222 222 222 222 222 222 222 222 222 222 222 222 222 222 222 222 222 222 222 250 250 250 250 122 124 124 124 252 252 252 252 222 222 133 133 133 133 133 133 133 133 133 133 133 133 133 133 133 133 133 164 164 164 164 5 144 73 73 73 73 73 177 177 177 46 46 180 154 46 46 46 46
0 0 0 0 0 251 19 19 19 19 222 222 11 222 222 30 30 222 222 222 222 131 131 222 222 222 222 222 222 222 222 222 222 222 222 222 138 222 222 222 222 222 222 222 222 222 222 250 250 250 250 122 124 124 124 252 252 252 252 222 222 133 133 133 133 133 133 133 133 133 133 133 133 133 133 133 133 133 164 164 164 164 5 144 73 73 73 73 73 177 177 177 46 46 180 154 46 46 46 46
0 0 0 0 0 251 0 0 0 0 58 58 58 58 58 58 58 58 58 58 58 58 58 222 222 222 222 222 222 222 222 222 222 222 222 222 138 222 222 222 222 222 222 222 222 222 222 250 250 250 250 122 222 252 252 252 252 252 252 222 222 133 133 133 133 133 133 133 133 133 133 133 133 133 133 133 133 133 164 164 164 164 5 144 73 73 73 73 73 177 177 177 46 188 180 188 188 188 188 188
0 0 0 0 0 251 0 0 0 0 58 58 58 58 58 58 58 58 58 58 58 58 58 41 41 223 223 223 223 223 223 223 223 223 223 223 138 98 223 223 90 223 216 216 216 216 216 250 250 250 250 122 223 252 252 252 252 252 252 223 197 197 205 205 205 205 197 197 197 197 197 197 197 197 197 164 164 164 164 164 164 164 5 144 73 73 73 73 73 177 177 177 46 188 180 188 188 188 188 188
0 0 0 0 0 251 153 153 153 153 58 58 58 58 58 58 58 58 152 152 152 152 152 152 152 152 41 41 209 209 209 209 209 155 155 61 138 98 61 93 90 143 216 216 216 216 216 250 250 250 250 122 143 252 252 252 252 252 252 144 144 144 205 205 205 205 144 144 144 144 144 144 144 144 144 144 144 144 144 144 144 144 5 144 73 73 73 73 73 177 177 177 46 188 180 188 188 188 188 188
0 0 0 0 0 251 153 153 153 153 58 58 58 58 58 58 58 58 152 152 152 152 152 152 152 152 41 41 209 209 209 209 209 155 155 61 138 98 61 93 90 143 216 216 216 216 216 250 250 250 250 122 187 252 252 252 252 252 252 174 65 65 205 205 205 205 65 65 21 21 21 21 21 21 21 21 21 67 67 67 67 72 5 67 240 240 240 240 73 177 177 177 46 188 180 188 188 188 188 188
0 0 0 0 0 251 153 153 153 153 58 58 58 58 58 58 58 58 152 152 152 152 152 152 152 152 166 166 166 166 166 166 166 166 166 166 138 166 61 93 90 143 216 216 216 216 216 250 250 250 250 122 187 252 252 252 252 252 252 217 217 217 205 205 205 205 217 217 21 21 21 21 21 21 21 21 21 217 217 217 217 217 5 217 240 240 240 240 73 177 177 177 62 188 180 188 188 188 188 188
0 0 0 0 0 251 153 153 142 142 58 58 58 58 58 58 58 58 152 152 152 152 152 152 152 152 142 142 142 142 142 142 142 142 142 142 142 142 142 142 142 142 142 142 216 216 216 250 250 250 250 122 187 252 252 252 252 160 160 160 160 160 160 160 160 160 160 160 160 160 160 160 160 160 160 160 160 160 160 160 160 160 160 160 160 160 160 160 160 177 177 177 160 188 180 188 188 188 188 188
0 0 0 0 0 251 153 153 142 142 58 58 58 58 58 58 58 58 152 152 152 152 152 152 152 152 142 142 142 142 142 142 142 142 111 111 111 142 142 142 142 142 142 142 216 216 216 250 250 250 250 122 187 252 252 252 252 160 160 160 160 160 160 160 160 160 160 160 160 160 160 160 160 160 160 160 160 160 160 160 160 160 160 160 160 160 160 160 160 160 160 160 160 188 180 188 188 188 188 188
0 0 0 0 0 251 153 153 142 142 58 58 58 58 58 58 58 58 152 152 152 152 152 152 152 152 142 142 142 142 142 142 142 142 111 111 111 142 142 142 142 142 142 142 216 216 216 250 250 250 250 122 187 252 252 252 252 160 160 160 160 160 160 160 160 160 160 160 160 160 160 160 160 160 160 160 160 160 160 160 160 160 160 160 160 160 160 160 160 160 160 160 160 188 180 188 188 188 188 188
0 0 0 0 0 251 153 153 142 142 58 58 58 58 58 58 58 58 152 152 152 152 152 152 152 152 142 142 142 142 142 142 142 142 111 111 111 142 142 142 142 142 142 142 229 217 26 250 250 250 250 122 187 252 252 252 252 160 160 160 160 160 160 160 160 160 160 160 160 160 160 160 160 160 160 160 160 160 160 160 160 160 160 160 160 160 160 160 160 160 160 160 160 188 180 188 188 188 188 188
0 0 0 0 0 251 153 153 142 142 58 58 58 58 58 58 58 58 152 152 152 152 152 152 152 152 142 142 142 142 142 142 142 142 111 111 111 142 142 142 142 142 142 142 229 217 26 250 250 250 250 122 187 252 252 252 252 252 252 167 167 167 205 205 205 205 167 217 21 21 21 21 21 21 21 21 21 24 24 24 24 24 5 24 240 240 240 240 73 73 73 73 62 188 180 188 188 188 188 188
0 0 0 0 0 251 153 153 153 153 58 58 58 58 58 58 58 58 152 152 152 152 152 152 152 152 41 41 50 39 39 39 39 39 111 111 111 98 61 170 170 170 170 170 170 170 170 170 170 170 170 122 170 170 170 170 170 170 170 170 170 170 170 170 170 170 170 170 170 170 170 170 170 170 170 170 170 170 170 170 170 170 170 170 170 170 170 170 170 170 170 170 170 188 180 188 188 188 188 188
0 0 0 0 0 81 81 81 81 81 37 204 11 204 204 30 30 194 152 152 152 152 152 152 152 152 41 41 50 39 39 39 39 39 111 111 111 98 61 93 90 143 103 249 249 249 249 249 249 249 249 249 249 249 252 252 252 252 252 167 167 167 205 205 205 205 167 65 65 65 65 6 6 6 24 24 24 24 24 24 24 24 5 24 24 24 24 24 73 73 73 73 62 165 180 165 80 80 92 0
0 0 0 0 0 81 81 81 81 81 37 204 11 204 204 30 30 194 152 152 152 152 152 152 152 152 158 158 158 158 158 158 158 158 158 158 138 158 158 158 158 158 158 249 249 249 249 249 249 249 249 249 249 249 158 158 158 158 158 158 158 158 205 205 205 205 158 145 145 145 145 145 145 145 24 24 24 24 24 24 24 24 5 24 24 24 24 24 145 145 145 171 62 165 180 165 145 145 92 0
0 99 99 99 99 99 99 99 99 99 99 99 11 99 99 99 99 99 152 152 152 152 152 152 152 152 99 99 99 99 99 99 99 99 99 99 138 99 99 99 99 99 99 249 249 249 249 249 249 249 249 249 249 249 99 99 99 99 252 145 145 203 205 205 205 205 145 145 145 145 145 145 145 145 24 24 24 24 24 24 24 24 5 24 24 24 24 24 145 145 145 171 145 145 180 145 145 145 92 0
0 99 99 99 94 94 94 94 94 94 94 94 94 94 94 94 94 94 152 152 152 152 152 152 152 152 94 94 94 94 94 94 99 99 99 99 138 99 99 99 99 99 99 99 99 99 99 99 99 99 99 99 99 99 99 99 99 99 252 145 145 203 205 205 205 205 145 145 145 145 145 145 145 145 24 24 24 24 24 24 24 24 5 24 24 24 24 24 145 145 145 171 145 145 180 145 145 145 92 0
0 0 0 121 121 121 121 121 121 121 121 121 11 121 121 30 30 194 152 152 152 152 152 152 152 152 121 121 121 121 121 121 121 121 121 121 138 98 121 93 90 145 103 103 103 103 103 250 250 250 250 187 187 187 52 52 172 52 52 52 52 52 205 205 205 205 52 52 52 52 52 52 52 52 52 52 52 52 52 52 24 24 5 24 24 24 24 24 145 145 145 171 145 145 180 145 145 145 92 0
0 0 0 121 121 121 121 121 121 121 121 121 11 121 121 30 30 194 194 194 194 131 131 194 194 194 54 54 54 54 54 54 54 54 54 54 138 54 121 93 90 143 103 103 103 103 103 250 250 250 250 187 187 187 52 52 172 52 52 52 52 52 205 205 205 205 52 52 52 52 52 52 52 52 52 52 52 52 52 52 24 24 5 24 24 24 24 24 80 80 80 171 80 80 180 80 80 80 92 0
0 0 0 121 121 121 121 121 121 121 121 121 11 121 121 30 30 194 194 194 194 131 131 194 194 194 54 54 54 54 54 54 54 54 54 54 138 54 121 93 90 35 103 103 103 42 42 42 42 42 42 42 42 42 42 42 42 42 42 42 42 42 205 205 205 205 52 52 52 52 52 52 52 52 52 52 52 77 77 77 77 77 5 77 77 77 24 24 80 80 80 171 80 80 180 80 80 80 92 0
214 214 214 121 121 121 121 121 121 121 121 121 11 121 121 30 30 194 194 194 194 131 131 194 194 194 54 54 54 54 54 54 54 54 54 54 138 54 121 93 90 35 103 103 103 42 42 42 42 42 42 42 42 42 42 42 42 42 42 42 42 125 125 125 125 125 125 125 125 125 125 125 125 52 52 52 52 77 77 77 77 77 5 77 77 77 24 24 80 80 80 80 80 80 180 80 80 80 92 0
214 214 214 121 121 121 121 121 121 121 121 121 11 121 121 30 30 194 194 194 194 131 131 194 194 194 54 54 54 54 54 54 54 54 54 54 138 54 121 93 90 163 103 103 103 42 42 42 42 42 42 42 42 42 42 42 42 42 42 42 42 125 125 125 125 125 125 125 125 125 125 125 125 196 196 196 196 196 196 196 196 196 5 196 196 196 196 196 196 196 196 196 196 196 180 80 80 80 92 0
214 214 214 121 121 121 121 121 121 121 121 121 11 121 121 30 30 194 194 194 194 131 131 194 194 194 54 54 54 54 54 54 54 54 54 54 138 54 121 93 90 163 103 103 4 42 42 42 42 106 106 106 106 106 106 106 106 106 106 106 106 106 106 125 125 125 125 125 125 125 125 125 125 196 196 196 196 196 196 196 196 196 5 196 196 196 196 196 196 196 196 196 196 196 180 80 80 80 92 0
214 214 214 121 121 121 121 121 121 121 121 121 11 121 121 30 30 194 194 194 194 131 131 194 194 194 121 121 121 121 121 121 121 121 121 121 138 98 121 121 90 163 103 103 103 42 42 42 42 106 106 106 106 106 106 106 106 106 106 106 106 106 106 125 125 125 125 125 125 125 125 125 125 196 196 196 196 196 196 196 196 196 5 196 196 196 196 196 196 196 196 196 196 196 180 80 80 80 92 0
214 214 214 214 214 214 214 214 214 214 214 214 11 214 214 30 30 194 194 194 194 131 131 194 194 194 192 192 192 192 163 163 69 69 163 163 138 98 163 163 129 129 129 129 129 42 42 42 42 106 106 106 106 106 106 106 106 106 106 106 106 106 106 205 205 205 129 129 129 129 129 129 129 129 129 129 129 129 129 129 129 129 129 129 129 129 129 129 129 129 129 129 129 129 180 129 53 80 92 0
214 214 214 214 214 214 241 241 241 241 241 241 241 241 241 241 241 241 241 200 200 200 241 241 241 241 241 241 241 241 241 241 241 241 241 163 138 98 163 163 129 129 129 129 129 42 42 42 42 106 106 106 106 106 106 106 106 106 106 106 106 106 106 205 205 205 129 129 129 129 129 129 129 129 129 129 129 129 129 129 129 129 129 129 129 129 129 129 129 129 129 129 129 129 180 129 53 80 92 0
245 245 245 245 245 245 241 241 241 241 241 241 241 241 241 241 241 241 241 200 200 200 241 241 241 241 241 241 241 241 241 241 241 241 241 245 245 245 245 245 245 245 245 245 245 245 245 245 245 106 106 106 106 106 106 106 106 106 106 106 106 106 106 205 205 205 245 245 245 245 245 245 245 245 245 245 245 245 245 245 245 245 245 245 245 245 129 129 129 129 129 129 129 129 180 129 80 80 92 0
245 245 245 245 245 245 241 241 241 241 241 241 241 241 241 241 241 241 241 200 200 200 241 241 241 241 241 241 241 241 241 241 241 241 241 245 245 137 137 137 137 137 137 137 137 137 137 137 137 106 106 106 106 106 106 106 106 106 106 106 106 106 106 205 205 205 245 245 245 245 245 245 245 245 245 245 245 245 245 245 245 245 245 245 245 245 116 116 196 196 196 196 196 196 180 80 80 80 92 0
214 214 214 214 214 214 241 241 241 241 241 241 241 241 241 241 241 241 241 200 200 200 241 241 241 241 241 241 241 241 241 241 241 241 241 163 138 137 137 137 137 137 137 137 137 137 137 137 137 106 106 106 106 106 106 106 106 106 106 106 106 106 106 205 205 205 52 52 52 52 52 32 32 32 32 116 116 116 116 116 116 116 116 116 116 116 116 116 80 80 80 80 80 80 180 80 80 80 92 0
214 214 214 214 214 214 241 241 241 241 241 241 241 241 241 241 241 241 241 200 200 200 241 241 241 241 241 241 241 241 241 241 241 241 241 135 138 137 137 137 137 137 137 137 137 137 137 137 137 106 106 106 106 106 106 106 106 106 106 106 106 106 106 205 205 205 202 202 202 202 202 202 202 202 202 116 116 116 116 116 116 116 116 116 116 116 116 116 80 80 80 80 80 80 180 80 80 80 92 0
214 214 214 214 214 214 241 241 241 241 241 241 241 83 83 83 83 241 241 200 200 200 241 241 241 241 241 241 241 241 241 241 241 241 219 219 219 219 219 219 219 219 219 219 219 219 219 219 219 219 219 219 219 219 219 219 219 219 219 219 219 219 219 219 219 219 219 219 219 202 202 202 202 202 202 116 116 116 116 116 116 116 116 116 116 116 116 116 80 80 80 80 80 80 180 80 80 80 92 0
0 0 107 107 107 81 81 81 81 81 107 107 107 83 83 83 83 0 101 200 200 200 27 27 27 27 10 10 10 10 10 12 12 12 219 219 219 219 219 219 219 219 219 219 219 219 219 219 219 219 219 219 219 219 219 219 219 219 219 219 219 219 219 219 219 219 219 219 219 202 202 202 202 202 202 116 116 116 116 116 116 116 116 116 116 116 116 116 80 80 80 80 80 80 180 80 80 80 92 0
0 0 0 0 0 81 81 81 81 81 0 0 0 83 83 83 83 0 101 200 200 200 27 27 27 27 27 27 163 163 163 12 12 12 219 219 219 219 219 219 219 219 219 219 219 219 219 219 219 219 219 219 219 219 219 219 219 219 219 219 219 219 219 219 219 219 219 219 219 66 66 66 66 66 66 116 116 116 116 116 116 116 116 116 116 116 116 116 80 80 80 80 80 80 180 80 80 80 92 0
0 0 0 0 0 81 81 81 81 81 0 0 0 83 83 83 83 0 101 200 200 200 27 27 27 27 27 27 163 163 163 12 12 12 163 163 138 137 137 137 137 137 137 137 137 137 137 137 137 137 137 137 137 137 137 137 137 137 137 137 137 42 205 205 205 205 202 202 202 202 202 202 202 202 202 116 116 116 116 116 116 116 116 116 116 116 116 116 80 80 80 80 80 80 180 80 80 80 92 0
0 0 0 0 0 81 81 81 81 81 0 0 0 83 83 83 83 0 101 200 200 200 27 27 27 27 27 27 163 163 163 12 12 12 163 163 138 137 137 137 137 137 137 137 137 137 137 137 91 91 91 91 91 91 91 91 91 91 91 91 91 91 91 91 91 91 91 91 91 91 91 91 91 91 91 91 91 91 91 91 91 91 91 91 91 91 91 91 91 91 91 91 80 80 180 80 80 80 92 0
0 0 0 0 0 81 81 81 81 81 0 0 0 83 83 83 83 0 101 200 200 200 27 27 27 27 27 27 163 163 163 12 12 12 163 163 138 137 137 137 137 137 137 137 137 137 137 137 91 91 91 91 91 91 91 91 91 91 91 91 91 91 91 91 91 91 91 91 91 91 91 91 91 91 91 91 91 91 91 91 91 91 91 91 91 91 91 91 91 91 91 91 80 80 80 80 80 80 92 0
0 0 0 0 0 81 81 81 81 81 0 0 0 0 0 0 0 0 101 200 200 200 27 27 38 38 38 38 38 38 38 12 12 12 38 38 38 137 127 127 127 127 127 127 127 127 127 127 127 127 127 127 127 127 127 127 127 127 127 127 137 42 205 205 205 205 202 202 202 202 202 202 202 202 202 208 202 193 193 193 193 0 0 0 0 0 0 0 0 0 0 0 0 0 0 0 0 0 92 0
0 0 0 0 0 81 81 81 81 81 0 0 0 0 0 0 0 0 0 200 200 200 0 0 0 0 0 163 163 163 163 12 12 12 163 163 138 137 127 127 127 127 127 127 127 127 127 127 127 127 127 127 127 127 127 127 127 127 127 127 137 13 205 205 205 205 13 13 13 13 13 13 202 202 202 202 202 162 162 162 162 0 0 0 0 0 0 0 0 0 0 0 0 0 0 0 0 0 92 0
0 0 0 0 0 81 81 81 81 81 246 246 246 246 246 246 246 246 246 246 246 246 246 181 181 181 181 181 181 181 181 12 12 12 181 181 181 137 127 127 127 127 127 127 127 127 127 127 127 127 127 127 127 127 127 127 127 127 127 127 137 181 181 181 181 181 181 181 181 181 181 181 181 181 181 181 181 181 181 181 181 181 181 182 182 182 182 182 182 182 182 181 181 181 181 181 181 181 181 181
0 0 0 0 0 81 81 81 81 81 246 246 246 246 246 246 246 246 246 246 246 246 246 246 246 246 246 246 246 246 148 12 12 12 246 246 138 137 127 127 127 127 127 127 127 127 127 127 127 127 127 127 127 127 127 127 127 127 127 127 137 13 205 205 205 205 13 13 13 13 13 13 202 202 202 202 202 246 246 246 246 246 246 182 182 182 182 182 182 182 182 246 246 246 246 246 0 0 92 0
0 0 0 0 0 0 0 0 0 0 0 0 231 231 231 231 231 231 231 231 0 0 0 0 0 0 0 0 0 0 148 12 12 12 78 78 138 137 137 137 137 137 137 137 137 137 137 137 137 137 137 137 137 137 137 137 137 137 137 137 137 13 205 205 205 205 13 13 13 13 13 13 0 0 0 0 0 0 0 0 0 0 0 182 182 182 182 182 182 182 182 0 0 0 0 0 0 0 92 0
0 0 0 0 0 0 0 0 0 0 0 0 231 231 231 231 231 231 231 231 0 0 0 0 0 0 0 0 0 0 148 12 12 12 0 0 138 137 137 137 137 137 137 137 137 137 137 137 137 137 137 137 137 137 137 137 137 137 137 137 137 42 205 205 205 205 0 0 0 0 0 0 0 0 0 0 0 0 0 0 0 0 0 0 0 0 0 0 0 0 0 0 0 0 0 0 0 0 0 0
0 0 0 0 0 0 0 0 0 0 0 0 0 0 0 0 0 0 0 0 0 0 0 0 0 0 0 0 0 0 0 12 12 12 0 0 0 137 137 137 137 137 137 137 137 137 137 137 137 137 137 137 137 137 137 137 137 137 137 137 137 42 0 0 0 0 0 0 0 0 0 0 0 0 0 0 0 0 0 0 0 0 0 0 0 0 0 0 0 0 0 0 0 0 0 0 0 0 0 0
0 0 0 0 0 0 0 0 0 0 0 0 0 0 0 0 0 0 0 0 0 0 0 0 0 0 0 0 0 0 0 12 12 12 0 0 0 137 137 137 137 137 137 137 137 137 137 137 137 137 137 137 137 137 137 137 137 137 137 137 137 42 0 0 0 0 0 0 0 0 0 0 0 0 0 0 0 0 0 0 0 0 0 0 0 0 0 0 0 0 0 0 0 0 0 0 0 0 0 0
