100 100 59
0 0 0 0 0 0 0 0 0 0 0 0 0 0 0 0 0 0 0 0 0 0 0 0 0 0 0 0 0 0 0 0 0 0 0 0 0 0 0 0 0 0 0 0 0 0 0 0 0 0 0 0 0 0 0 0 0 0 0 0 0 0 0 0 0 0 0 0 0 0 0 0 0 0 0 0 0 0 0 0 0 0 0 0 0 0 0 0 0 0 0 0 0 0 0 0 0 0 0 0
0 0 0 0 0 0 0 0 0 0 0 0 0 0 0 0 0 0 0 0 0 0 0 0 0 0 0 0 0 0 0 0 0 0 0 0 0 0 0 0 0 0 0 0 0 0 0 0 0 0 0 0 0 0 0 0 0 0 0 0 0 0 0 0 0 0 0 0 0 0 0 0 0 0 0 0 0 0 0 0 0 0 0 0 0 0 0 0 0 0 0 0 0 0 0 0 0 0 0 0
0 0 0 0 0 0 0 0 0 0 0 0 0 0 0 0 0 0 0 0 0 0 0 0 0 0 0 0 0 0 0 0 0 0 0 0 0 0 0 0 0 0 0 0 0 0 0 22 22 0 0 0 0 0 0 0 0 0 0 0 0 0 0 0 0 0 0 0 0 0 0 0 0 0 0 0 0 0 0 0 0 0 0 0 0 0 0 0 0 0 0 0 0 0 0 0 0 0 0 0
0 0 0 0 0 0 0 0 0 0 0 0 0 0 0 0 0 0 0 0 0 0 0 0 0 0 0 0 0 0 0 0 0 0 0 0 0 0 0 0 0 0 0 0 0 0 0 22 22 0 0 0 0 0 0 0 0 0 0 0 0 0 0 0 0 0 0 0 0 0 0 0 0 0 0 0 0 0 0 0 0 0 0 0 0 0 0 0 0 0 0 0 0 0 0 0 0 0 0 0
0 0 0 0 0 0 0 0 0 0 0 0 0 0 0 0 0 0 0 0 0 0 0 0 0 0 0 0 0 0 0 0 0 0 0 0 0 0 0 0 0 0 0 0 0 0 0 22 22 0 0 53 53 53 53 53 53 53 53 53 53 53 53 53 48 48 48 48 53 53 53 53 53 0 0 0 0 0 0 0 0 0 0 0 0 0 0 0 0 0 0 0 0 0 0 0 0 0 0 0
0 0 0 0 0 0 0 0 0 0 0 0 0 0 0 0 0 0 0 0 0 0 0 0 0 0 0 0 0 0 0 0 0 0 0 0 0 0 0 0 0 0 0 0 0 0 0 22 22 0 0 53 53 53 53 53 53 53 53 53 53 53 53 53 48 48 48 48 53 53 53 53 53 0 0 0 0 0 0 0 0 0 0 0 0 0 0 0 0 0 0 0 0 0 0 0 0 0 0 0
0 0 0 0 0 0 0 0 0 0 0 0 0 0 0 0 0 0 0 0 0 0 0 0 0 0 0 0 0 0 0 0 0 0 0 0 0 0 0 0 0 0 0 0 0 0 0 22 22 0 0 53 53 53 53 53 53 53 53 53 53 53 53 53 48 48 48 48 53 53 53 53 53 0 0 0 0 0 0 0 0 0 0 0 0 0 0 0 0 0 0 0 0 0 0 0 0 0 0 0
44 3 3 3 3 3 3 3 3 3 3 3 3 3 3 3 3 3 3 3 3 0 0 0 0 0 0 0 0 0 0 0 0 0 0 0 0 0 0 0 0 0 0 0 0 0 0 22 22 0 0 35 35 35 35 35 35 53 53 53 53 53 53 53 48 48 48 48 45 45 45 45 45 45 45 45 0 0 0 0 0 0 0 0 0 0 0 0 0 0 0 0 0 0 0 0 0 0 0 0
44 3 3 3 3 3 3 3 3 3 3 3 3 3 3 3 3 3 3 3 3 0 0 0 0 0 0 0 0 0 0 0 0 0 0 0 0 0 0 0 0 0 0 0 0 0 0 22 22 0 0 35 35 35 35 35 35 53 53 53 53 53 53 53 48 48 48 48 45 45 45 45 45 45 45 45 0 0 0 0 0 0 0 0 0 0 0 0 0 0 0 0 0 0 0 0 0 0 0 0
44 3 3 3 3 3 3 3 3 3 3 3 3 3 3 3 3 3 3 3 3 0 0 0 0 0 0 0 0 0 0 0 0 0 0 0 0 0 0 0 0 0 0 0 0 0 0 22 22 0 0 35 35 35 35 35 35 53 53 53 53 53 53 53 48 48 48 48 45 45 45 45 45 45 45 45 0 0 0 0 0 0 0 0 0 0 0 0 0 0 0 0 0 0 0 0 0 0 0 0
44 3 3 3 3 3 3 3 3 3 3 3 3 3 3 3 3 3 3 3 3 14 14 14 14 14 14 14 14 14 14 14 14 14 14 14 14 14 14 14 14 0 0 0 0 0 0 22 22 0 0 35 35 35 35 35 35 53 53 53 53 53 53 53 48 48 48 48 45 45 45 45 45 45 45 45 0 0 0 0 0 0 0 0 0 0 0 0 0 0 0 0 0 0 0 0 0 0 0 0
44 3 3 3 3 3 3 3 3 3 3 3 3 3 3 3 3 3 3 3 3 14 14 14 14 14 14 14 14 14 14 14 14 14 14 14 14 14 14 14 14 0 0 0 0 0 0 22 22 0 0 35 35 35 35 35 35 53 53 53 53 53 53 53 48 48 48 48 45 45 45 45 45 45 45 45 0 0 0 0 0 0 0 0 0 0 0 0 0 0 0 0 0 0 0 0 0 0 0 0
44 3 3 3 3 3 3 3 3 3 3 3 3 3 3 3 3 3 3 3 3 14 14 14 14 14 14 14 14 14 14 14 14 14 14 14 14 14 14 14 14 38 38 38 38 0 0 22 22 0 13 35 35 35 35 35 35 13 13 13 13 13 13 13 48 48 48 48 45 45 45 45 45 45 45 45 0 0 0 0 0 0 0 0 0 0 0 0 8 8 8 8 8 8 8 8 0 0 0 0
44 3 3 3 3 3 3 3 3 3 3 3 3 3 3 3 3 3 3 3 3 14 14 57 57 57 57 57 57 57 57 57 57 57 57 57 57 57 57 57 57 57 57 57 57 57 57 57 57 57 57 57 57 57 57 57 57 57 57 57 57 57 57 57 48 48 48 48 57 57 57 45 45 45 45 45 16 16 16 0 0 0 0 0 0 0 0 0 8 8 8 8 8 8 8 8 0 0 0 0
44 3 3 3 3 3 3 3 3 3 3 3 3 3 3 3 3 3 3 3 3 14 14 57 57 57 57 57 57 57 57 57 57 57 57 57 57 57 57 57 57 57 57 57 57 57 57 57 57 57 57 57 57 57 57 57 57 57 57 57 57 57 57 57 48 48 48 48 57 57 57 45 45 45 45 45 16 16 16 0 0 0 0 0 0 0 0 0 8 8 8 8 8 8 8 8 0 0 0 0
44 3 3 3 3 3 3 3 3 3 3 3 3 3 3 3 3 3 3 3 3 14 14 57 57 57 57 57 57 57 57 57 57 52 52 52 52 52 52 52 52 52 52 52 52 52 52 52 52 52 52 52 52 52 57 57 57 57 57 57 57 57 57 57 48 48 48 48 57 57 57 45 45 45 45 45 16 16 16 0 0 0 0 0 0 0 0 0 8 8 8 8 8 8 8 8 0 0 0 0
44 3 3 3 3 3 3 3 3 3 3 3 3 3 3 3 3 3 3 3 3 14 14 57 57 57 57 57 57 57 57 57 57 52 52 52 52 52 52 52 52 52 52 52 52 52 52 52 52 52 52 52 52 52 57 57 57 57 57 57 57 57 57 57 48 48 48 48 57 57 57 45 45 45 45 45 16 16 16 0 0 0 0 0 0 0 0 0 8 8 8 8 8 8 8 8 0 0 0 0
44 3 3 3 3 3 3 3 3 3 3 3 3 3 3 3 3 3 3 3 3 14 14 57 57 57 57 57 57 50 50 50 50 52 52 52 52 52 52 52 52 52 52 52 52 52 52 52 52 52 52 52 52 52 50 50 50 50 50 50 50 50 50 50 48 48 48 48 57 57 57 45 45 45 45 45 16 16 16 0 0 0 0 0 0 0 0 0 8 8 8 8 8 8 8 8 0 0 0 0
44 3 3 3 3 3 3 3 3 3 3 3 3 3 3 3 3 3 3 3 3 14 14 57 57 57 57 57 57 57 57 57 57 52 52 52 52 52 52 52 52 52 52 52 52 52 52 52 52 52 52 52 52 52 57 57 57 57 57 57 57 57 57 57 48 48 48 48 57 57 57 45 45 45 45 45 16 16 16 0 0 0 0 0 0 0 0 0 8 8 8 8 8 8 8 8 0 0 0 0
44 3 3 3 3 3 3 3 3 3 3 3 3 3 3 3 3 3 3 3 3 14 14 57 57 57 57 57 57 57 57 57 57 52 52 52 52 52 52 52 52 52 52 52 52 52 52 52 52 52 52 52 52 52 57 57 57 57 57 57 57 57 57 57 48 48 48 48 57 57 57 45 45 45 45 45 16 16 16 0 0 0 0 0 0 0 0 0 8 8 8 8 8 8 8 8 0 0 0 0
44 3 3 3 3 3 3 3 3 3 3 3 3 3 3 3 3 3 3 3 3 14 14 57 57 57 57 57 57 57 57 57 57 52 52 52 52 52 52 52 52 52 52 52 52 52 52 52 52 52 52 52 52 52 57 57 57 57 57 57 57 57 57 57 48 48 48 48 57 57 57 45 45 45 45 45 16 16 16 0 0 0 0 0 0 0 0 0 8 8 8 8 8 8 8 8 0 0 0 0
44 3 3 3 3 3 3 3 3 3 3 3 3 3 3 3 3 3 3 3 3 14 14 57 57 57 57 57 57 57 57 57 57 52 52 52 52 52 52 52 52 52 52 52 52 52 52 52 52 52 52 52 52 52 57 57 57 57 57 57 57 57 57 57 48 48 48 48 57 57 57 45 45 45 45 45 16 16 16 0 0 0 0 0 0 0 0 0 8 8 8 8 8 8 8 8 0 0 0 0
44 3 3 3 3 3 9 9 3 3 3 3 3 3 3 3 3 3 3 3 3 14 14 57 57 57 57 57 57 57 57 57 57 52 52 52 52 52 52 52 52 52 52 52 52 52 52 52 52 52 52 52 52 52 57 57 57 57 57 57 57 57 57 57 48 48 48 48 57 57 57 45 45 45 45 45 26 26 26 26 26 26 26 26 26 26 26 26 8 8 8 8 8 8 8 8 0 0 0 0
44 3 3 3 3 3 9 9 3 3 3 3 3 3 3 3 3 3 3 3 3 14 14 57 57 57 57 57 57 57 57 57 57 52 52 52 52 52 52 52 52 52 52 52 52 52 52 52 52 52 52 52 52 52 57 57 57 57 57 57 57 57 57 57 48 48 48 48 57 57 57 13 13 26 26 26 26 26 26 26 26 26 26 26 26 26 26 26 8 8 8 8 8 8 8 8 0 0 0 0
44 3 3 3 3 3 9 9 3 3 3 3 3 3 3 3 3 3 3 3 3 14 14 57 57 57 57 57 57 57 57 57 57 52 52 52 52 52 52 52 52 52 52 52 52 52 52 52 52 52 52 52 52 52 57 57 57 57 57 57 57 57 57 57 48 48 48 48 57 57 57 13 13 26 26 26 26 26 26 26 26 26 26 26 26 26 26 26 8 8 8 8 8 8 8 8 0 0 0 0
44 3 3 3 3 3 9 9 3 3 3 3 3 3 3 3 3 3 3 3 3 14 14 57 57 57 57 57 57 57 57 57 57 52 52 52 52 52 52 52 52 52 52 52 52 52 52 52 52 52 52 52 52 52 57 57 57 57 57 57 57 57 57 57 48 48 48 48 57 57 57 13 13 26 26 26 26 26 26 26 26 26 26 26 26 26 26 26 8 8 8 8 8 8 8 8 0 0 0 0
44 59 59 59 59 59 9 9 59 59 59 59 59 59 59 59 59 59 59 59 59 59 59 59 59 59 59 59 59 59 59 59 59 52 52 52 52 52 52 52 52 52 52 52 52 52 52 52 52 52 52 52 52 52 59 59 59 59 59 59 59 59 59 59 48 48 48 48 57 57 57 13 13 26 26 26 26 26 26 26 26 26 26 26 26 26 26 26 8 8 8 8 8 8 8 8 0 0 0 0
44 59 59 59 59 59 9 9 59 59 59 59 59 59 59 59 59 59 59 59 59 59 59 59 59 59 59 59 59 59 59 59 59 52 52 52 52 52 52 52 52 52 52 52 52 52 52 52 52 52 52 52 52 52 59 59 59 59 59 59 59 59 59 59 48 48 48 48 57 57 57 13 13 26 26 26 26 26 26 26 26 26 26 26 26 26 26 26 8 8 8 8 8 8 8 8 0 0 0 0
44 59 59 59 59 59 9 9 59 59 59 59 59 59 59 59 59 59 59 59 59 59 59 59 59 59 59 59 59 59 59 59 59 52 52 52 52 52 52 52 52 52 52 52 52 52 52 52 52 52 52 52 52 52 59 59 59 59 59 59 59 59 59 59 48 48 48 48 57 57 57 13 13 26 26 26 26 26 26 26 26 26 26 26 26 26 26 26 8 8 8 8 8 8 8 8 0 0 0 0
44 59 59 59 59 59 9 9 59 59 59 59 59 59 59 59 59 59 59 59 59 59 40 40 40 40 40 40 40 40 40 40 40 52 52 52 52 52 52 52 52 52 52 52 52 52 52 52 52 52 52 52 52 52 59 59 59 59 59 59 59 59 59 59 48 48 48 48 57 57 57 13 13 26 26 26 26 26 26 26 26 26 26 26 26 26 26 26 8 8 8 8 8 8 8 8 0 0 0 0
44 59 59 59 59 59 9 9 59 59 59 59 59 59 59 59 59 59 59 59 59 59 59 59 59 59 59 59 59 59 59 59 59 52 52 52 52 52 52 52 52 52 52 52 52 52 52 52 52 52 52 52 52 52 59 59 59 59 59 59 59 59 59 59 48 48 48 48 57 57 57 13 13 26 26 26 26 26 26 26 26 26 26 26 26 26 26 26 8 8 8 8 8 8 8 8 0 0 0 0
44 59 59 59 59 59 9 9 59 59 59 59 59 59 59 59 59 59 59 59 59 59 59 59 59 59 59 59 59 59 59 59 59 52 52 52 52 52 52 52 52 52 52 52 52 52 52 52 52 52 52 52 52 52 59 59 59 59 59 59 59 59 59 59 48 48 48 48 57 57 57 13 13 26 26 26 26 26 26 26 26 26 26 26 26 26 26 26 8 8 8 8 8 8 8 8 0 0 0 0
44 3 3 3 3 3 9 9 3 3 3 3 3 3 3 3 3 3 3 3 3 37 37 57 57 57 57 57 57 57 57 57 57 52 52 52 52 52 52 52 52 52 52 52 52 52 52 52 52 52 52 52 52 52 57 57 57 57 57 57 57 57 57 57 48 48 48 48 57 57 57 13 13 26 26 26 26 26 26 26 26 26 26 26 26 26 26 26 8 8 8 8 8 8 8 8 0 0 0 0
44 3 3 3 3 3 9 9 3 3 3 3 3 3 3 3 3 3 3 3 3 37 37 57 57 57 57 57 57 57 57 57 57 52 52 52 52 52 52 52 52 52 52 52 52 52 52 52 52 52 52 52 52 52 57 57 57 57 57 57 57 57 57 57 48 48 48 48 57 57 57 30 30 30 30 30 26 26 26 26 26 26 26 26 26 26 26 26 8 8 8 8 8 8 8 8 0 0 0 0
44 3 3 3 3 3 9 9 3 3 3 3 3 3 3 3 3 3 3 3 3 37 37 57 57 57 57 57 57 57 57 57 57 52 52 52 52 52 52 52 52 52 52 52 52 52 52 52 52 52 52 52 52 52 57 57 57 57 57 57 57 57 57 57 48 48 48 48 57 57 57 30 30 30 30 30 26 26 26 26 26 26 26 26 26 26 26 26 8 8 8 8 8 8 8 8 0 0 0 0
44 3 3 3 3 3 9 9 3 3 3 3 3 3 3 3 3 3 3 3 3 37 37 57 57 57 57 57 57 57 57 57 57 52 52 52 52 52 52 52 52 52 52 52 52 52 52 52 52 52 52 52 52 52 57 57 57 57 57 57 57 57 57 57 48 48 48 48 57 57 57 30 30 30 30 30 26 26 26 26 26 26 26 26 26 26 26 26 8 8 8 8 8 8 8 8 0 0 0 0
44 3 3 3 3 3 9 9 3 3 3 3 3 3 3 3 3 3 3 3 3 37 37 57 57 57 57 57 57 57 57 57 57 52 52 52 52 52 52 52 52 52 52 52 52 52 52 52 52 52 52 52 52 52 57 57 57 57 57 57 57 57 57 57 48 48 48 48 57 57 57 30 30 30 30 30 26 26 26 26 26 26 26 26 26 26 26 26 8 8 8 8 8 8 8 8 0 0 0 0
28 28 28 28 28 28 28 28 28 28 28 28 28 28 28 28 28 28 28 28 28 28 28 28 28 28 28 28 28 28 28 28 28 52 52 52 52 52 52 52 52 52 52 52 52 52 52 52 52 52 52 52 52 52 57 57 57 57 57 57 57 57 57 57 48 48 48 48 57 57 57 13 13 26 26 26 26 26 26 26 26 26 26 26 26 26 26 26 8 8 8 8 8 8 8 8 0 0 0 0
28 28 28 28 28 28 28 28 28 28 28 28 28 28 28 28 28 28 28 28 28 28 28 28 28 28 28 28 28 28 28 28 28 52 52 52 52 52 52 52 52 52 52 52 52 52 52 52 52 52 52 52 52 52 57 57 57 57 57 57 57 57 57 57 48 48 48 48 57 57 57 13 13 26 26 26 26 26 26 26 26 26 26 26 26 26 26 26 8 8 8 8 8 8 8 8 0 0 0 0
28 28 28 28 28 28 28 28 28 28 28 28 28 28 28 28 28 28 28 28 28 28 28 28 28 28 28 28 28 28 28 28 28 52 52 52 52 52 52 52 52 52 52 52 52 52 52 52 52 52 52 52 52 52 12 12 12 12 12 12 12 12 12 13 48 48 48 48 13 13 13 13 13 26 26 26 26 26 26 26 26 26 26 26 26 26 26 26 8 8 8 8 8 8 8 8 0 0 0 0
28 28 28 28 28 28 28 28 28 28 28 28 28 28 28 28 28 28 28 28 28 28 28 28 28 28 28 28 28 28 28 28 28 52 52 52 52 52 52 52 52 52 52 52 52 52 52 52 52 52 52 52 52 52 12 12 12 12 12 12 12 12 12 13 48 48 48 48 13 13 13 13 13 26 26 26 26 26 26 26 26 26 26 26 26 26 26 26 8 8 8 8 8 8 8 8 0 0 0 0
28 28 28 28 28 28 28 28 28 28 28 28 28 28 28 28 28 28 28 28 28 28 28 28 28 28 28 28 28 28 28 28 28 28 28 28 28 28 28 28 28 28 28 28 28 28 28 28 28 26 13 35 12 12 12 12 12 12 12 12 12 12 12 13 48 48 48 48 13 13 13 13 13 26 26 26 26 26 26 26 26 26 26 26 26 26 26 26 8 8 8 8 8 8 8 8 0 0 0 0
28 28 28 28 28 28 28 28 28 28 28 28 28 28 28 28 28 28 28 28 28 28 28 28 28 28 28 28 28 28 28 28 28 28 28 28 28 28 28 28 28 28 28 28 28 28 28 28 28 26 13 35 12 12 12 12 12 12 12 12 12 12 12 13 48 48 48 48 13 13 13 13 13 26 26 26 26 26 26 26 26 26 26 26 26 26 26 26 8 8 8 8 8 8 8 8 0 0 0 0
28 28 28 28 28 28 28 28 28 28 28 28 28 28 28 28 28 28 28 28 28 28 28 28 28 28 28 28 28 28 28 28 28 28 28 28 28 28 28 28 28 28 28 28 28 28 28 28 28 26 13 35 12 12 12 12 12 12 12 12 12 12 12 13 48 48 48 48 13 13 13 13 13 26 26 26 26 26 26 26 26 26 26 26 26 26 26 26 8 8 8 8 8 8 8 8 0 0 0 0
0 3 3 39 39 39 39 39 34 34 34 34 3 3 3 3 3 3 3 3 3 37 37 37 37 37 29 0 0 23 23 23 23 23 23 26 26 26 26 17 17 17 17 26 26 26 26 26 26 26 13 35 12 12 12 12 12 12 12 12 12 12 12 13 48 48 48 48 13 13 13 13 13 32 32 32 32 32 32 32 32 32 32 32 32 32 32 32 32 8 8 8 8 8 8 8 0 0 0 0
0 3 3 39 39 39 39 39 34 34 34 34 3 3 3 3 3 3 3 3 3 49 49 49 49 49 49 49 49 49 49 49 49 49 49 49 49 49 1 17 17 17 17 1 1 1 54 54 54 54 13 35 12 12 12 12 12 12 12 12 12 12 12 13 48 48 48 48 13 13 13 13 13 32 32 32 32 32 32 32 32 32 32 32 32 32 32 32 32 24 24 24 24 8 8 8 0 0 0 0
0 3 3 39 39 39 39 39 34 34 34 34 3 3 3 46 46 46 46 46 46 46 46 46 46 46 46 46 46 46 46 46 46 46 46 46 46 46 1 17 17 17 17 1 1 1 55 55 55 55 55 55 12 12 12 12 12 12 12 12 12 12 12 55 48 48 48 48 55 55 55 55 55 32 32 32 32 32 32 32 32 32 32 32 32 32 32 32 32 24 24 24 24 8 8 8 0 0 0 0
0 3 3 39 39 39 39 39 34 34 34 34 3 3 3 46 46 46 46 46 46 46 46 46 46 46 46 46 46 46 46 46 46 46 46 46 46 46 1 17 17 17 17 1 1 1 55 55 55 55 55 55 55 55 55 55 55 55 55 55 55 55 55 55 48 48 48 48 55 55 55 55 55 32 32 32 32 32 32 32 32 32 32 32 32 32 32 32 32 8 8 8 8 8 8 8 0 0 0 0
0 3 3 39 39 39 39 39 34 34 34 34 3 3 3 46 46 46 46 46 46 46 46 46 46 46 46 46 46 46 46 46 46 46 46 46 46 46 1 17 17 17 17 1 1 1 55 55 55 55 55 55 55 55 55 55 55 55 55 55 55 55 55 55 48 48 48 48 55 55 55 55 55 32 32 32 32 32 32 32 32 32 32 32 32 32 32 32 32 8 8 8 8 8 8 8 0 0 0 0
0 3 3 39 39 39 39 39 34 34 15 15 15 15 15 15 15 15 15 15 15 15 15 15 15 15 15 15 15 15 15 15 15 15 15 15 15 15 15 15 15 15 15 15 15 15 15 15 15 15 15 15 15 15 15 15 15 15 15 15 15 15 15 15 48 48 48 48 55 55 55 55 55 32 32 32 32 32 32 32 32 32 32 32 32 32 32 32 32 8 8 8 8 8 8 8 0 0 0 0
0 3 3 39 39 39 39 39 34 34 15 15 15 15 15 15 15 15 15 15 15 15 15 15 15 15 15 15 15 15 15 15 15 15 15 15 15 15 15 15 15 15 15 15 15 15 15 15 15 15 15 15 15 15 15 15 15 15 15 15 15 15 15 15 48 48 48 48 55 55 55 55 55 32 32 32 32 32 32 32 32 32 32 32 32 32 32 32 32 8 8 8 8 8 8 8 0 0 0 0
0 3 3 39 39 39 39 39 34 34 15 15 15 15 15 15 15 15 15 15 15 15 15 15 15 15 15 15 15 15 15 15 15 15 15 15 15 15 15 15 15 15 15 15 15 15 15 15 15 15 15 15 15 15 15 15 15 15 15 15 15 15 15 15 48 48 48 48 55 55 55 55 55 32 32 32 32 32 32 32 32 32 32 32 32 32 32 32 32 8 8 8 8 8 8 8 0 0 0 0
0 3 3 39 39 39 39 39 34 34 15 15 15 15 15 15 15 15 15 15 15 15 15 15 15 15 15 15 15 15 15 15 15 15 15 15 15 15 15 15 15 15 15 15 15 15 15 15 15 15 15 15 15 15 15 15 15 15 15 15 15 15 15 15 48 48 48 48 55 55 55 55 55 32 32 32 32 32 32 32 32 32 32 32 32 32 32 32 32 8 8 8 8 8 8 8 0 0 0 0
6 3 3 39 39 39 39 39 34 34 15 15 15 15 15 15 15 15 15 15 15 15 15 15 15 15 15 15 15 15 15 15 15 15 15 15 15 15 15 15 15 15 15 15 15 15 15 15 15 15 15 15 15 15 15 15 15 15 15 15 15 15 15 15 48 48 48 48 55 55 55 55 55 5 5 21 21 21 21 0 0 0 47 47 47 47 47 47 8 8 8 8 8 8 8 8 0 0 0 0
6 3 3 39 39 39 39 39 34 34 15 15 15 15 15 15 15 15 15 15 15 15 15 15 15 15 15 15 15 15 15 15 15 15 15 15 15 15 15 15 15 15 15 15 15 15 15 15 15 15 15 15 15 15 15 15 15 15 15 15 15 15 15 15 48 48 48 48 55 55 55 55 55 5 5 21 21 21 21 0 0 0 47 47 47 47 47 47 8 8 8 8 8 8 8 8 0 0 0 0
6 6 49 41 41 41 41 41 41 41 41 41 41 41 41 41 41 41 41 41 41 41 41 41 41 41 41 41 46 46 46 46 46 46 46 46 46 46 33 17 17 17 17 33 33 33 55 55 55 55 55 55 55 55 55 55 55 55 55 55 55 55 55 55 48 48 48 48 55 55 55 55 55 5 5 21 21 21 21 0 0 0 47 47 47 47 47 47 8 8 8 8 8 8 8 8 0 0 0 0
6 6 49 41 41 41 41 41 41 41 41 41 41 41 41 41 41 41 41 41 41 41 41 41 41 41 41 41 46 46 46 46 46 46 46 46 46 46 20 17 17 17 17 20 20 33 55 55 55 55 55 55 55 55 55 55 55 55 55 55 55 55 55 55 48 48 48 48 55 55 55 55 55 21 21 21 21 21 21 0 0 0 47 47 47 47 47 47 8 8 8 8 8 8 8 8 0 0 0 0
6 6 49 41 41 41 41 41 41 41 41 41 41 41 41 41 41 41 41 41 41 41 41 41 41 41 41 41 46 46 46 46 46 46 46 46 46 46 20 17 17 17 17 20 20 33 55 55 55 55 55 55 55 55 55 55 55 55 55 55 55 55 55 55 48 48 48 48 55 55 55 55 55 0 0 0 0 0 0 0 0 0 47 47 47 47 47 47 8 8 8 8 8 8 8 8 0 0 0 0
6 6 49 41 41 41 41 41 41 41 41 41 41 41 41 41 41 41 41 41 41 41 41 41 41 41 41 41 46 46 46 46 46 46 46 46 46 46 20 17 17 17 17 20 20 33 55 55 55 55 55 55 55 55 55 55 55 55 55 55 55 55 55 7 48 48 48 48 55 55 55 55 55 0 0 0 0 0 0 0 0 0 47 47 47 47 47 47 8 8 8 8 8 8 8 8 0 0 0 0
6 6 49 41 41 41 41 41 41 41 41 41 41 41 41 41 41 41 41 41 41 41 41 41 41 41 41 41 46 46 46 46 46 46 46 46 46 46 20 17 17 17 17 20 20 33 33 33 33 33 33 35 18 35 35 35 35 33 33 33 33 13 13 7 48 48 48 48 13 13 13 13 13 0 0 0 0 0 0 0 0 0 47 47 47 47 47 47 8 8 8 8 8 8 8 8 0 0 0 0
6 6 49 41 41 41 41 41 41 41 41 41 41 41 41 41 41 41 41 41 41 41 41 41 41 41 41 41 46 46 46 46 46 46 46 46 46 46 20 17 17 17 17 20 20 33 33 33 33 33 33 35 18 35 35 35 35 33 33 33 33 13 13 7 48 48 48 48 13 13 13 13 13 0 0 0 0 0 0 0 0 0 47 47 47 47 47 47 8 8 8 8 8 8 8 8 0 0 0 0
6 6 49 41 41 41 41 41 41 41 41 41 41 41 41 41 41 41 41 41 41 41 41 41 41 41 41 41 46 46 46 46 46 46 46 46 46 46 33 17 17 17 17 33 33 33 33 33 33 33 33 33 18 33 33 33 33 33 33 33 33 13 13 7 48 48 48 48 13 13 13 13 13 0 0 0 0 0 0 0 0 0 47 47 47 47 47 47 8 8 8 8 8 8 8 8 0 0 0 0
6 6 49 41 41 41 41 41 41 41 41 41 41 41 41 41 41 41 41 41 41 41 41 41 41 41 41 41 49 49 49 49 49 49 49 36 36 36 36 36 36 36 36 36 36 36 36 36 36 36 36 36 36 36 36 36 36 36 36 36 36 36 36 36 36 36 36 36 36 36 36 36 36 0 0 0 0 0 0 0 0 0 47 47 47 47 47 47 8 8 8 8 8 8 8 8 0 0 0 0
6 6 49 41 41 41 41 41 41 41 41 41 41 41 41 41 41 41 41 41 41 41 41 41 41 41 41 41 49 49 49 49 49 49 49 36 36 36 36 36 36 36 36 36 36 36 36 36 36 36 36 36 36 36 36 36 36 36 36 36 36 36 36 36 36 36 36 36 36 36 36 36 36 11 11 11 11 11 11 11 11 11 11 11 11 11 11 11 8 8 8 8 8 8 8 8 11 0 0 0
6 6 49 41 41 41 41 41 41 41 41 41 41 41 41 41 41 41 41 41 41 41 41 41 41 41 41 41 49 49 49 49 49 49 49 36 36 36 36 36 36 36 36 36 36 36 36 36 36 36 36 36 36 36 36 36 36 36 36 36 36 36 36 36 36 36 36 36 36 36 36 36 36 11 11 11 11 11 11 11 11 11 11 11 11 11 11 11 8 8 8 8 8 8 8 8 11 0 0 0
6 6 49 41 41 41 41 41 41 41 41 41 41 41 41 41 41 41 41 41 41 41 41 41 41 41 41 41 49 49 49 49 49 49 49 36 36 36 36 36 36 36 36 36 36 36 36 36 36 36 36 36 36 36 36 36 36 36 36 36 36 36 36 36 36 36 36 36 36 36 36 36 36 11 11 11 11 11 11 11 11 11 11 11 11 11 11 11 8 8 8 8 8 8 8 8 11 0 0 0
6 6 49 41 41 41 41 41 41 41 41 41 41 41 41 41 41 41 41 41 41 41 41 41 41 41 41 41 49 49 49 49 49 49 49 36 36 36 36 36 36 36 36 36 36 36 36 36 36 36 36 36 36 36 36 36 36 36 36 36 36 36 36 36 36 36 36 36 36 36 36 36 36 43 0 0 0 0 0 0 0 0 0 0 0 0 0 0 8 8 8 8 8 8 8 8 0 0 0 0
6 6 49 41 41 41 41 41 41 41 41 41 41 41 41 41 41 41 41 41 41 41 41 41 41 41 41 41 49 49 49 49 49 49 49 36 36 36 36 36 36 36 36 36 36 36 36 36 36 36 36 36 36 36 36 36 36 36 36 36 36 36 36 36 36 36 36 36 36 36 36 36 36 43 0 0 0 0 0 0 0 0 0 0 0 0 0 0 8 8 8 8 8 8 8 8 19 19 19 0
6 6 49 41 41 41 41 41 41 41 41 41 41 41 41 41 41 41 41 41 41 41 41 41 41 41 41 41 49 49 49 49 49 49 49 36 36 36 36 36 36 36 36 36 36 36 36 36 36 36 36 36 36 36 36 36 36 36 36 36 36 36 36 36 36 36 36 36 36 36 36 36 36 43 0 0 0 0 0 0 0 0 0 0 0 0 0 0 19 19 19 19 19 19 19 19 19 19 19 0
6 6 49 41 41 41 41 41 41 41 41 41 41 41 41 41 41 41 41 41 41 41 41 41 41 41 41 41 49 49 49 49 49 49 49 49 49 49 2 17 17 17 17 2 2 2 2 2 2 2 2 2 18 13 13 13 13 13 13 13 13 13 13 7 48 48 48 48 13 13 13 13 13 43 0 0 0 0 0 0 0 0 0 0 0 0 0 0 19 19 19 19 19 19 19 19 19 19 19 0
6 6 49 41 41 41 41 41 41 41 41 41 41 41 41 41 41 41 41 41 41 41 41 41 41 41 41 41 49 49 49 49 49 49 49 49 49 49 2 17 17 17 17 2 2 2 2 2 2 2 2 2 18 13 13 13 13 13 13 13 13 13 13 7 48 48 48 48 13 13 13 13 13 43 0 0 0 0 0 0 0 0 0 0 0 0 0 0 19 19 19 19 19 19 19 19 19 19 19 0
6 6 49 41 41 41 41 41 41 41 41 41 41 41 41 41 41 41 41 41 41 41 41 41 41 41 41 41 49 49 49 49 49 49 49 49 49 49 2 17 17 17 17 2 2 2 2 2 2 2 2 2 18 13 13 13 13 13 13 13 13 13 13 7 48 48 48 48 13 13 10 10 10 10 10 10 10 10 10 10 10 10 10 10 10 10 10 0 19 19 19 19 19 19 19 19 19 19 19 0
6 6 49 41 41 41 41 41 41 41 41 41 41 41 41 41 41 41 41 41 41 41 41 41 41 41 41 41 49 49 49 49 49 49 49 49 49 49 2 17 17 17 17 2 2 2 2 2 2 2 2 2 18 13 13 13 13 13 13 13 13 13 13 7 48 48 48 48 13 13 10 10 10 10 10 10 10 10 10 10 10 10 10 10 10 10 10 0 19 19 19 19 19 19 19 19 19 19 19 0
6 6 49 49 49 49 49 49 49 49 49 49 49 49 49 49 49 49 49 49 49 49 49 49 49 49 49 49 49 49 49 49 49 49 49 49 49 49 2 17 17 17 17 2 2 2 2 2 2 2 2 2 18 13 13 13 13 13 13 13 13 13 13 7 48 48 48 48 13 13 10 10 10 10 10 10 10 10 10 10 10 10 10 10 10 10 10 0 19 19 19 19 19 19 19 19 19 19 19 0
6 6 49 49 49 49 49 49 49 49 49 49 49 49 49 49 49 49 49 49 49 49 49 49 49 49 49 49 49 49 49 49 49 49 49 49 49 49 2 17 17 17 17 2 56 56 56 56 56 56 56 56 56 56 56 56 13 13 13 13 13 13 13 7 48 48 48 48 13 25 25 25 25 25 25 25 25 25 25 25 25 25 25 25 25 25 25 25 25 25 25 19 19 19 19 19 19 19 19 0
0 0 49 49 49 49 49 49 49 49 49 49 49 49 49 49 49 49 49 49 49 49 49 49 49 49 49 49 49 49 49 49 49 49 49 49 49 49 2 17 17 17 17 2 56 56 56 56 56 56 56 56 56 56 56 56 1 1 1 1 1 1 1 7 48 48 48 48 1 25 25 25 25 25 25 25 25 25 25 25 25 25 25 25 25 25 25 25 25 25 25 19 19 19 19 19 19 19 19 0
0 0 49 49 49 49 49 49 49 49 49 49 49 49 49 49 49 49 49 49 49 49 49 49 49 49 49 49 49 49 49 49 49 49 49 49 49 49 1 17 17 17 17 1 56 56 56 56 56 56 56 56 56 56 56 56 1 1 1 1 1 1 1 7 48 48 48 48 1 25 25 25 25 25 25 25 25 25 25 25 25 25 25 25 25 25 25 25 25 25 25 19 19 19 19 19 19 19 19 0
0 0 49 49 49 49 49 49 49 49 49 49 49 49 49 49 49 49 49 49 49 49 49 49 4 4 4 4 4 4 4 4 4 4 4 4 4 4 4 17 17 17 17 4 56 56 56 56 56 56 56 56 56 56 56 56 4 4 4 4 4 4 4 7 48 48 48 48 4 25 25 25 25 25 25 25 25 25 25 25 25 25 25 25 25 25 25 25 25 25 25 4 4 4 4 4 4 4 4 4
0 0 49 49 49 49 49 49 49 49 49 49 49 49 49 49 49 49 49 49 49 49 49 49 4 4 4 4 4 4 4 4 4 4 4 4 4 4 4 17 17 17 17 4 56 56 56 56 56 56 56 56 56 56 56 56 4 4 4 4 4 4 4 7 48 48 48 48 4 25 25 25 25 25 25 25 25 25 25 25 25 25 25 25 25 25 25 25 25 25 25 4 4 4 4 4 4 4 4 4
0 0 49 49 49 49 49 49 49 49 49 49 49 49 49 49 49 49 49 49 49 49 49 49 4 4 4 4 4 4 4 4 4 4 4 4 4 4 4 4 4 4 4 4 56 56 56 56 56 56 56 56 56 56 56 56 4 4 4 4 4 4 4 7 48 48 48 48 4 25 25 25 25 25 25 25 25 25 25 25 25 25 25 25 25 25 25 25 25 25 25 4 4 4 4 4 4 4 4 4
0 0 49 49 49 49 49 49 49 49 49 49 49 49 49 49 49 49 49 49 49 49 49 49 4 4 4 4 4 4 4 4 4 4 4 4 4 4 4 4 4 4 4 4 56 56 56 56 56 56 56 56 56 56 56 56 4 4 4 4 4 4 4 7 48 48 48 48 4 25 25 25 25 25 25 25 25 25 25 25 25 25 25 25 25 25 25 25 25 25 25 4 4 4 4 4 4 4 4 4
0 0 49 49 49 49 49 49 49 49 49 49 49 49 49 49 49 49 49 49 49 49 49 49 4 4 4 4 4 4 4 4 4 4 4 4 4 4 4 4 4 4 4 4 56 56 56 56 56 56 56 56 56 56 56 56 4 4 4 4 4 4 4 7 48 48 48 48 4 25 25 25 25 25 25 25 25 25 25 25 25 25 25 25 25 25 25 25 25 25 25 4 4 4 4 4 4 4 4 4
0 0 49 49 49 49 49 49 49 49 49 49 49 49 49 49 49 49 49 49 49 49 49 49 4 4 4 4 4 4 4 4 4 4 4 4 4 4 4 4 4 4 27 27 27 27 27 27 27 27 27 27 27 27 27 27 27 27 27 27 27 27 27 27 27 27 27 27 27 27 27 27 27 27 27 27 27 27 27 27 27 27 27 27 27 27 27 27 25 25 25 4 4 4 4 4 4 4 4 4
0 0 49 49 49 49 49 49 49 49 49 49 49 49 49 49 49 49 49 49 49 49 49 49 4 4 4 4 4 4 4 4 4 4 4 4 4 4 4 4 4 4 27 27 27 27 27 27 27 27 27 27 27 27 27 27 27 27 27 27 27 27 27 27 27 27 27 27 27 27 27 27 27 27 27 27 27 27 27 27 27 27 27 27 27 27 27 27 25 25 25 4 4 4 4 4 4 4 4 4
0 0 49 49 49 49 49 49 49 49 49 49 49 49 49 49 49 49 49 49 49 49 49 49 4 4 4 4 4 4 4 4 4 4 4 4 4 4 4 4 4 4 27 27 27 27 27 27 27 27 27 27 27 27 27 27 27 27 27 27 27 27 27 27 27 27 27 27 27 27 27 27 27 27 27 27 27 27 27 27 27 27 27 27 27 27 27 27 25 25 25 4 4 4 4 4 4 4 4 4
0 0 49 49 49 49 49 49 49 49 49 49 49 49 49 49 49 49 49 49 49 49 49 49 4 4 4 4 4 4 4 4 4 4 4 4 4 4 4 4 4 4 27 27 27 27 27 27 27 27 27 27 27 27 27 27 27 27 27 27 27 27 27 27 27 27 27 27 27 27 27 27 27 27 27 27 27 27 27 27 27 27 27 27 27 27 27 27 25 25 25 4 4 4 4 4 4 4 4 4
0 0 49 49 49 49 49 49 49 49 49 49 49 49 49 49 49 49 49 49 49 49 49 49 4 4 4 4 4 4 4 4 4 4 4 4 4 4 4 4 4 4 27 27 27 27 27 27 27 27 27 27 27 27 27 27 27 27 27 27 27 27 27 27 27 27 27 27 27 27 27 27 27 27 27 27 27 27 27 27 27 27 27 27 27 27 27 27 25 25 25 4 4 4 4 4 4 4 4 4
0 51 51 51 51 51 51 51 51 51 51 51 51 49 49 49 49 49 49 49 49 49 49 49 4 4 4 4 4 4 4 4 4 4 4 4 4 4 4 4 4 4 27 27 27 27 27 27 27 27 27 27 27 27 27 27 27 27 27 27 27 27 27 27 27 27 27 27 27 27 27 27 27 27 27 27 27 27 27 27 27 27 27 27 27 27 27 27 25 25 25 4 4 4 4 4 4 4 4 4
0 51 51 51 51 51 51 51 51 51 51 51 51 0 0 0 0 31 31 31 58 0 0 0 4 4 4 4 4 4 4 4 4 4 4 4 4 4 4 4 4 4 27 27 27 27 27 27 27 27 27 27 27 27 27 27 27 27 27 27 27 27 27 27 27 27 27 27 27 27 27 27 27 27 27 27 27 27 27 27 27 27 27 27 27 27 27 27 25 25 25 4 4 4 4 4 4 4 4 4
0 0 0 0 0 0 0 0 0 0 0 0 0 0 0 0 0 0 0 0 58 0 0 0 4 4 4 4 4 4 4 4 4 4 4 4 4 4 4 4 4 4 27 27 27 27 27 27 27 27 27 27 27 27 27 27 27 27 27 27 27 27 27 27 27 27 27 27 27 27 27 27 27 27 27 27 27 27 27 27 27 27 27 27 27 27 27 27 25 25 25 4 4 4 4 4 4 4 4 4
0 0 0 0 0 0 0 0 0 0 0 0 0 0 0 0 0 0 0 0 58 0 0 0 4 4 4 4 4 4 4 4 4 4 4 4 4 4 4 4 4 4 27 27 27 27 27 27 27 27 27 27 27 27 27 27 27 27 27 27 27 27 27 27 27 27 27 27 27 27 27 27 27 27 27 27 27 27 27 27 27 27 27 27 27 27 27 27 25 25 25 4 4 4 4 4 4 4 4 4
0 0 0 0 0 0 0 0 0 0 0 0 0 0 0 0 0 0 0 0 58 0 0 0 4 4 4 4 4 4 4 4 4 4 4 4 4 4 4 4 4 4 27 27 27 27 27 27 27 27 27 27 27 27 27 27 27 27 27 27 27 27 27 27 27 27 27 27 27 27 27 27 27 27 27 27 27 27 27 27 27 27 27 27 27 27 27 27 25 25 25 4 4 4 4 4 4 4 4 4
0 0 0 0 0 0 0 0 0 0 0 0 0 0 0 0 0 0 0 0 58 0 0 0 4 4 4 4 4 4 4 4 4 4 4 4 4 4 4 4 4 4 27 27 27 27 27 27 27 27 27 27 27 27 27 27 27 27 27 27 27 27 27 27 27 27 27 27 27 27 27 27 27 27 27 27 27 27 27 27 27 27 27 27 27 27 27 27 4 4 4 4 4 4 4 4 4 4 4 4
0 0 0 0 0 0 0 0 0 0 0 0 0 0 0 0 0 0 0 0 0 0 0 0 4 4 4 4 4 4 4 4 4 4 4 4 4 4 4 4 4 4 27 27 27 27 27 27 27 27 27 27 27 27 27 27 27 27 27 27 27 27 27 27 27 27 27 27 27 27 27 27 27 27 27 27 27 27 27 27 27 27 27 27 27 27 27 27 4 4 4 4 4 4 4 4 4 4 4 4
0 0 0 0 0 0 0 0 0 0 0 0 0 0 0 0 0 0 0 0 0 0 0 42 4 4 4 4 4 4 4 4 4 4 4 4 4 4 4 4 4 4 4 4 4 4 4 4 4 4 4 4 4 4 4 4 4 4 4 4 4 4 4 4 4 4 4 4 4 4 4 4 4 4 4 4 4 4 4 4 4 4 4 4 4 4 4 4 4 4 4 4 4 4 4 4 4 4 4 4
0 0 0 0 0 0 0 0 0 0 0 0 0 0 0 0 0 0 0 0 0 0 0 42 4 4 4 4 4 4 4 4 4 4 4 4 4 4 4 4 4 4 4 4 4 4 4 4 4 4 4 4 4 4 4 4 4 4 4 4 4 4 4 4 4 4 4 4 4 4 4 4 4 4 4 4 4 4 4 4 4 4 4 4 4 4 4 4 4 4 4 4 4 4 4 4 4 4 4 4
0 0 0 0 0 0 0 0 0 0 0 0 0 0 0 0 0 0 0 0 0 0 0 42 4 4 4 4 4 4 4 4 4 4 4 4 4 4 4 4 4 4 4 4 4 4 4 4 4 4 4 4 4 4 4 4 4 4 4 4 4 4 4 4 4 4 4 4 4 4 4 4 4 4 4 4 4 4 4 4 4 4 4 4 4 4 4 4 4 4 4 4 4 4 4 4 4 4 4 4
0 0 0 0 0 0 0 0 0 0 0 0 0 0 0 0 0 0 0 0 0 0 0 42 4 4 4 4 4 4 4 4 4 4 4 4 4 4 4 4 4 4 4 4 4 4 4 4 4 4 4 4 4 4 4 4 4 4 4 4 4 4 4 4 4 4 4 4 4 4 4 4 4 4 4 4 4 4 4 4 4 4 4 4 4 4 4 4 4 4 4 4 4 4 4 4 4 4 4 4
0 0 0 0 0 0 0 0 0 0 0 0 0 0 0 0 0 0 0 0 0 0 0 0 4 4 4 4 4 4 4 4 4 4 4 4 4 4 4 4 4 4 4 4 4 4 4 4 4 4 4 4 4 4 4 4 4 4 4 4 4 4 4 4 4 4 4 4 4 4 4 4 4 4 4 4 4 4 4 4 4 4 4 4 4 4 4 4 4 4 4 4 4 4 4 4 4 4 4 4
0 0 0 0 0 0 0 0 0 0 0 0 0 0 0 0 0 0 0 0 0 0 0 0 0 0 0 0 0 0 0 0 0 0 0 0 0 0 0 0 0 0 0 0 0 0 0 0 0 0 0 0 0 0 0 0 0 0 0 0 0 0 0 0 0 0 0 0 0 0 10 10 10 10 10 10 10 10 10 10 10 10 10 10 10 10 10 0 0 0 0 0 0 0 0 0 0 0 0 0
